Id,Predicted
1,386 5263 6574 6705 6837 4284 5314 8419 5989 1769 1005 9330 3061 3833 5763 5959 8741 1849 3069 795 9118 801 2854 1333 3408 4051 7648 8935 8301 9329 6005 1913 4218 173 9730
2,386 5263 6574 6705 6837 4284 5314 8419 5989 1769 1005 9330 3061 3833 5763 5959 8741 1849 3069 795 9118 801 2854 1333 3408 4051 7648 8935 8301 9329 6005 1913 4218 173 9730
3,386 5263 6574 6705 6837 4284 5314 8419 5989 1769 1005 9330 3061 3833 5763 5959 8741 1849 3069 795 9118 801 2854 1333 3408 4051 7648 8935 8301 9329 6005 1913 4218 173 9730
4,386 5263 6574 6705 6837 4284 5314 8419 5989 1769 1005 9330 3061 3833 5763 5959 8741 1849 3069 795 9118 801 2854 1333 3408 4051 7648 8935 8301 9329 6005 1913 4218 173 9730
5,386 5263 6574 6705 6837 4284 5314 8419 5989 1769 1005 9330 3061 3833 5959 8741 4681 1849 3069 9118 8301 795 801 2854 1333 3408 4051 7648 8935 9329 6005 4218 9730
6,386 5263 6574 6705 6837 4284 5314 8419 5989 1769 1005 9330 3061 3833 5959 9118 8301 8741 4681 1849 3069 795 801 2854 1333 3408 4051 7648 8935 9329 6005 4218 9730
7,386 5263 6574 6705 6837 4284 5314 8419 5989 1769 1005 9330 3061 3833 5959 9118 8301 8741 4681 1849 3069 795 801 2854 1333 3408 4051 7648 8935 9329 6005 4218 9730
8,386 5263 6574 6705 6837 4284 5314 8419 5989 1769 1005 9330 3061 3833 5959 9118 8301 8741 4681 1849 3069 795 801 2854 1333 3408 4051 7648 8935 9329 6005 4218 9730
9,386 5263 6574 6705 6837 4284 5314 8419 5989 1769 1005 9330 3061 3833 5959 9118 8301 8741 4681 1849 3069 795 801 2854 1333 3408 4051 7648 8935 9329 6005 4218 9730
10,386 5263 6574 6705 6837 4284 5314 8419 5989 1769 1005 9330 3061 3833 5959 9118 8301 8741 4681 1849 3069 795 801 2854 1333 3408 4051 7648 8935 9329 6005 4218 9730
11,386 5263 6574 6705 6837 4284 5314 8419 5989 1769 1005 9330 3061 3833 5959 9118 8301 8741 4681 1849 3069 795 801 2854 1333 3408 4051 7648 8935 9329 6005 4218 9730
12,386 5263 6574 6705 6837 4284 5314 8419 5989 1769 1005 9330 3061 3833 5959 9118 8301 8741 4681 1849 3069 795 801 2854 1333 3408 4051 7648 8935 9329 6005 4218 9730
13,386 5263 6574 6705 6837 4284 5314 8419 5989 1769 1005 9330 3061 3833 5959 9118 8301 8741 4681 1849 3069 795 801 2854 1333 3408 4051 7648 8935 9329 6005 4218 9730
14,386 5263 6574 6705 6837 4284 5314 8419 5989 1769 1005 9330 3061 3833 5959 9118 8301 8741 4681 1849 3069 795 801 2854 1333 3408 4051 7648 8935 9329 6005 4218 9730
15,386 9118 6574 6837 4284 5314 8301 3833 5263 6705 5989 1769 1005 9330 3061 1849 3069 8741 8935 3408 9329 1333 795 801 2854 5959 6005 4218 4051 7648
16,386 5263 6574 6705 6837 4284 5314 8419 5989 1769 1005 9330 3061 3833 5959 9118 8301 8741 4681 1849 3069 795 801 2854 1333 3408 4051 7648 8935 9329 6005 4218 9730
17,386 5263 6574 6705 6837 4284 5314 8419 5989 1769 1005 9330 3061 3833 5959 9118 8301 8741 4681 1849 3069 795 801 2854 1333 3408 4051 7648 8935 9329 6005 4218 9730
18,386 9118 6574 6837 4284 5314 8301 3833 5263 6705 5989 1769 1005 9330 3061 1849 3069 795 801 2854 1333 5959 3408 8935 9329 6005 4218 8741 4051 7648
19,386 5263 6574 6705 6837 4284 5314 5989 1769 1005 9330 3061 3833 9118 8301 1849 3069 795 801 2854 1333 5959 3408 8935 9329 6005 4218 8741 4051 7648
20,386 5263 6574 6705 6837 4284 5314 5989 1769 1005 9330 3061 3833 9118 8301 1849 3069 795 801 2854 1333 5959 3408 8935 9329 6005 4218 8741 4051 7648
21,386 5263 6574 6705 6837 4284 5314 5989 1769 1005 9330 3061 3833 9118 8301 1849 3069 795 801 2854 1333 5959 3408 8935 9329 6005 4218 8741 4051 7648
22,386 5263 6574 6705 6837 4284 5314 8419 5989 1769 1005 9330 3061 3833 5959 9118 8301 8741 4681 1849 3069 795 801 2854 1333 3408 4051 7648 8935 9329 6005 4218 9730
23,386 5263 6574 6705 6837 4284 5314 5989 1769 1005 9330 3061 3833 9118 8301 5959 1849 3069 8741 8935 3408 9329 1333 795 801 2854 6005 4218 4051 7648
24,386 5263 6574 6705 6837 4284 5314 8419 5989 1769 1005 9330 3061 3833 5959 9118 8301 8741 4681 1849 3069 795 801 2854 1333 3408 4051 7648 8935 9329 6005 4218 9730
25,386 5263 6574 6705 6837 4284 5314 8419 5989 1769 1005 9330 3061 3833 5959 9118 8301 8741 4681 1849 3069 795 801 2854 1333 3408 4051 7648 8935 9329 6005 4218 9730
26,386 5263 6574 6705 6837 4284 5314 8419 5989 1769 1005 9330 3061 3833 5959 9118 8301 8741 4681 1849 3069 795 801 2854 1333 3408 4051 7648 8935 9329 6005 4218 9730
27,386 5263 6574 6705 6837 4284 5314 8419 5989 1769 1005 9330 3061 3833 5959 9118 8301 8741 4681 1849 3069 795 801 2854 1333 3408 4051 7648 8935 9329 6005 4218 9730
28,386 5263 6574 6705 6837 4284 5314 8419 5989 1769 1005 9330 3061 3833 5959 9118 8301 8741 4681 1849 3069 795 801 2854 1333 3408 4051 7648 8935 9329 6005 4218 9730
29,386 5263 6574 6705 6837 4284 5314 5989 1769 1005 9330 3061 3833 9118 8301 5959 1849 3069 8741 8935 3408 9329 1333 795 801 2854 6005 4218 4051 7648
30,386 5263 6574 6705 6837 4284 5314 5989 1769 1005 9330 3061 3833 9118 8301 5959 1849 3069 8741 8935 3408 9329 1333 795 801 2854 6005 4218 4051 7648
31,386 5263 6574 6705 6837 4284 5314 5989 1769 1005 9330 3061 3833 9118 8301 5959 1849 3069 8741 8935 3408 9329 1333 795 801 2854 6005 4218 4051 7648
32,386 5263 6574 6705 6837 4284 5314 8419 5989 1769 1005 9330 3061 3833 5959 9118 8301 8741 4681 1849 3069 795 801 2854 1333 3408 4051 7648 8935 9329 6005 4218 9730
33,386 5263 6574 6705 6837 4284 5314 8419 5989 1769 1005 9330 3061 3833 5959 9118 8301 8741 4681 1849 3069 795 801 2854 1333 3408 4051 7648 8935 9329 6005 4218 9730
34,386 5263 6574 6705 6837 4284 5314 5989 1769 1005 9330 3061 3833 9118 8301 5959 1849 3069 8741 8935 3408 9329 1333 795 801 2854 6005 4218 4051 7648
35,386 5263 6574 6705 6837 4284 5314 5989 1769 1005 9330 3061 3833 9118 8301 5959 1849 3069 8741 8935 3408 9329 1333 795 801 2854 6005 4218 4051 7648
36,386 5263 6574 6705 6837 4284 5314 5989 1769 1005 9330 3061 3833 9118 8301 5959 1849 3069 8741 8935 3408 9329 1333 795 801 2854 6005 4218 4051 7648
37,386 5263 6574 6705 6837 4284 5314 5989 1769 1005 9330 3061 3833 9118 8301 5959 1849 3069 8741 8935 3408 9329 1333 795 801 2854 6005 4218 4051 7648
38,386 5263 6574 6705 6837 4284 5314 8419 5989 1769 1005 9330 3061 3833 5959 9118 8301 8741 4681 1849 3069 795 801 2854 1333 3408 4051 7648 8935 9329 6005 4218 9730
39,386 5263 6574 6705 6837 4284 5314 8419 5989 1769 1005 9330 3061 3833 5959 9118 8301 4681 1849 3069 8741 795 801 2854 1333 3408 4051 7648 8935 9329 6005 4218 9730
40,386 5263 6574 6705 6837 4284 5314 8419 5989 1769 1005 9330 3061 3833 5959 9118 8301 8741 4681 1849 3069 795 801 2854 1333 3408 4051 7648 8935 9329 6005 4218 9730
41,386 9118 6574 6837 4284 5314 8301 3833 5263 6705 5989 1769 1005 9330 3061 795 801 2854 1333 5959 3408 8935 9329 6005 4218 3069 1849 8741 4051 7648
42,386 5263 6574 6705 6837 4284 5314 8419 5989 1769 1005 9330 3061 3833 5959 9118 8301 4681 1849 3069 8741 795 801 2854 1333 3408 4051 7648 8935 9329 6005 4218 9730
43,386 5263 6574 6705 6837 4284 5314 5989 1769 1005 9330 3061 3833 9118 8301 1849 3069 5959 8741 795 801 2854 1333 3408 8935 9329 6005 4218 4051 7648
44,386 5263 6574 6705 6837 4284 5314 5989 1769 1005 9330 3061 3833 9118 8301 1849 3069 5959 8741 795 801 2854 1333 3408 8935 9329 6005 4218 4051 7648
45,386 5263 6574 6705 6837 4284 5314 5989 1769 1005 9330 3061 3833 9118 8301 1849 3069 5959 8741 795 801 2854 1333 3408 8935 9329 6005 4218 4051 7648
46,386 5263 6574 6705 6837 4284 5314 5989 1769 1005 9330 3061 3833 9118 8301 5959 1849 3069 8741 8935 3408 9329 1333 795 801 2854 6005 4218 4051 7648
47,386 5263 6574 6705 6837 4284 5314 5989 1769 1005 9330 3061 3833 9118 8301 5959 1849 3069 8741 8935 3408 9329 1333 795 801 2854 6005 4218 4051 7648
48,386 5263 6574 6705 6837 4284 5314 5989 1769 1005 9330 3061 3833 9118 8301 5959 1849 3069 8741 8935 3408 9329 1333 795 801 2854 6005 4218 4051 7648
49,386 5263 6574 6705 6837 4284 5314 5989 1769 1005 9330 3061 3833 9118 8301 5959 1849 3069 8741 8935 3408 9329 1333 795 801 2854 6005 4218 4051 7648
50,386 5263 6574 6705 6837 4284 5314 8419 5989 1769 1005 9330 3061 3833 5959 9118 8301 8741 4681 1849 3069 795 801 2854 1333 3408 4051 7648 8935 9329 6005 4218 9730
51,386 5263 6574 6705 6837 4284 5314 5989 1769 1005 9330 3061 3833 9118 8301 5959 1849 3069 8741 8935 3408 9329 1333 795 801 2854 6005 4218 4051 7648
52,386 5263 6574 6705 6837 4284 5314 5989 1769 1005 9330 3061 3833 9118 8301 1849 3069 795 801 2854 1333 5959 3408 8935 9329 6005 4218 8741 4051 7648
53,386 5263 6574 6705 6837 4284 5314 5989 1769 1005 9330 3061 3833 9118 8301 1849 3069 5959 8741 795 801 2854 1333 3408 8935 9329 6005 4218 4051 7648
54,386 9118 6574 6837 4284 5314 8301 3833 5263 6705 5989 1769 1005 9330 3061 795 801 2854 1333 5959 3408 8935 9329 6005 4218 3069 1849 8741 4051 7648
55,386 9118 6574 6837 4284 5314 8301 3833 5263 6705 5989 1769 1005 9330 3061 795 801 2854 1333 5959 3408 8935 9329 6005 4218 3069 1849 8741 4051 7648
56,386 9118 6574 6837 4284 5314 8301 3833 5263 6705 5989 1769 1005 9330 3061 795 801 2854 1333 5959 3408 8935 9329 6005 4218 3069 1849 8741 4051 7648
57,386 9118 6574 6837 4284 5314 8301 3833 5263 6705 5989 1769 1005 9330 3061 795 801 2854 1333 5959 3408 8935 9329 6005 4218 3069 1849 8741 4051 7648
58,386 5263 6574 6705 6837 4284 5314 8419 5989 1769 1005 9330 3061 3833 5959 9118 8301 4681 1849 3069 8741 795 801 2854 1333 3408 4051 7648 8935 9329 6005 4218 9730
59,386 9118 6574 6837 4284 5314 8301 3833 5263 6705 5989 1769 1005 9330 3061 795 801 2854 1333 5959 3408 8935 9329 6005 4218 3069 1849 8741 4051 7648
60,386 5263 6574 6705 6837 4284 5314 8419 5989 1769 1005 9330 3061 3833 5959 9118 8301 4681 1849 3069 8741 9730 8935 3408 9329 1333 795 801 2854 4051 7648 6005 4218
61,386 9118 6574 6837 4284 5314 8301 3833 5263 6705 5989 1769 1005 9330 3061 795 801 2854 1333 5959 3408 8935 9329 6005 4218 3069 1849 8741 4051 7648
62,386 9118 6574 6837 4284 5314 8301 3833 5263 6705 5989 1769 1005 9330 3061 795 801 2854 1333 5959 3408 8935 9329 6005 4218 3069 1849 8741 4051 7648
63,386 9118 6574 6837 4284 5314 8301 3833 5263 6705 5989 1769 1005 9330 3061 795 801 2854 1333 5959 3408 8935 9329 6005 4218 3069 1849 8741 4051 7648
64,386 5263 6574 6705 6837 4284 5314 5989 1769 1005 9330 3061 3833 9118 8301 5959 1849 3069 8741 8935 3408 9329 1333 795 801 2854 6005 4218 4051 7648
65,386 5263 6574 6705 6837 4284 5314 5989 1769 1005 9330 3061 3833 9118 8301 5959 1849 3069 8741 8935 3408 9329 1333 795 801 2854 6005 4218 4051 7648
66,386 5263 6574 6705 6837 4284 5314 5989 1769 1005 9330 3061 3833 9118 8301 5959 1849 3069 8741 8935 3408 9329 1333 795 801 2854 6005 4218 4051 7648
67,386 5263 6574 6705 6837 4284 5314 8419 5989 1769 1005 9330 3061 3833 5959 9118 8301 4681 1849 3069 8741 795 801 2854 1333 3408 4051 7648 8935 9329 6005 4218 9730
68,386 9118 6574 6837 4284 5314 8301 3833 5263 6705 5989 1769 1005 9330 3061 795 801 2854 1333 5959 3408 8935 9329 6005 4218 3069 1849 8741 4051 7648
69,386 9118 6574 6837 4284 5314 8301 3833 5263 6705 5989 1769 1005 9330 3061 795 801 2854 1333 5959 3408 8935 9329 6005 4218 3069 1849 8741 4051 7648
70,386 9118 6574 6837 4284 5314 8301 3833 5263 6705 5989 1769 1005 9330 3061 795 801 2854 1333 5959 3408 8935 9329 6005 4218 3069 1849 8741 4051 7648
71,386 9118 6574 6837 4284 5314 8301 3833 5263 6705 5989 1769 1005 9330 3061 795 801 2854 1333 5959 3408 8935 9329 6005 4218 3069 1849 8741 4051 7648
72,386 9118 6574 6837 4284 5314 8301 3833 5263 6705 5989 1769 1005 9330 3061 795 801 2854 1333 5959 3408 8935 9329 6005 4218 3069 1849 8741 4051 7648
73,386 9118 6574 6837 4284 5314 8301 3833 5263 6705 5989 1769 1005 9330 3061 795 801 2854 1333 5959 3408 8935 9329 6005 4218 3069 1849 8741 4051 7648
74,386 9118 6574 6837 4284 5314 8301 3833 5263 6705 5989 1769 1005 9330 3061 795 801 2854 1333 5959 3408 8935 9329 6005 4218 3069 1849 8741 4051 7648
75,386 9118 6574 6837 4284 5314 8301 3833 5263 6705 5989 1769 1005 9330 3061 795 801 2854 1333 5959 3408 8935 9329 6005 4218 3069 1849 8741 4051 7648
76,386 5263 6574 6705 6837 4284 5314 8419 5989 1769 1005 9330 3061 3833 5959 9118 8301 4681 1849 3069 8741 795 801 2854 1333 3408 4051 7648 8935 9329 6005 4218 9730
77,386 5263 6574 6705 6837 4284 5314 8419 5989 1769 1005 9330 3061 3833 5959 9118 8301 4681 1849 3069 8741 795 801 2854 1333 3408 4051 7648 8935 9329 6005 4218 9730
78,386 9118 6574 6837 4284 5314 8301 3833 5263 6705 5989 1769 1005 9330 3061 795 801 2854 1333 5959 3408 8935 9329 6005 4218 3069 1849 8741 4051 7648
79,386 5263 6574 6705 6837 4284 5314 8419 5989 1769 1005 9330 3061 3833 5959 9118 8301 4681 1849 3069 8741 795 801 2854 1333 3408 4051 7648 8935 9329 6005 4218 9730
80,386 5263 6574 6705 6837 4284 5314 5989 1769 1005 9330 3061 3833 9118 8301 1849 3069 795 801 2854 1333 5959 3408 8935 9329 6005 4218 8741 4051 7648
81,386 5263 6574 6705 6837 4284 5314 5989 1769 1005 9330 3061 3833 9118 8301 1849 3069 795 801 2854 1333 5959 3408 8935 9329 6005 4218 8741 4051 7648
82,386 9118 6574 6837 4284 5314 8301 3833 5263 6705 5989 1769 1005 9330 3061 795 801 2854 1333 5959 3408 8935 9329 6005 4218 3069 1849 8741 4051 7648
83,386 9118 6574 6837 4284 5314 8301 3833 5263 6705 5989 1769 1005 9330 3061 795 801 2854 1333 5959 3408 8935 9329 6005 4218 3069 1849 8741 4051 7648
84,386 9118 6574 6837 4284 5314 8301 3833 5263 6705 5989 1769 1005 9330 3061 795 801 2854 1333 5959 3408 8935 9329 6005 4218 3069 1849 8741 4051 7648
85,386 5263 6574 6705 6837 4284 5314 5989 1769 1005 9330 3061 3833 9118 8301 5959 1849 3069 8741 8935 3408 9329 1333 795 801 2854 6005 4218 4051 7648
86,386 5263 6574 6705 6837 4284 5314 5989 1769 1005 9330 3061 3833 9118 8301 5959 1849 3069 8741 8935 3408 9329 1333 795 801 2854 6005 4218 4051 7648
87,386 5263 6574 6705 6837 4284 5314 5989 1769 1005 9330 3061 3833 9118 8301 795 801 2854 1333 5959 3408 8935 9329 6005 4218 3069 1849 8741 4051 7648
88,386 5263 6574 6705 6837 4284 5314 5989 1769 1005 9330 3061 3833 9118 8301 5959 1849 3069 8741 8935 3408 9329 1333 795 801 2854 6005 4218 4051 7648
89,386 5263 6574 6705 6837 4284 5314 5989 1769 1005 9330 3061 3833 9118 8301 1849 3069 5959 795 801 2854 1333 3408 8935 9329 6005 4218 8741 4051 7648
90,386 5263 6574 6705 6837 4284 5314 5989 1769 1005 9330 3061 3833 9118 8301 1849 3069 5959 795 801 2854 1333 3408 8935 9329 6005 4218 8741 4051 7648
91,386 9118 6574 6837 4284 5314 8301 3833 5263 6705 5989 1769 1005 9330 3061 795 801 2854 1333 5959 3408 8935 9329 6005 4218 3069 1849 8741 4051 7648
92,386 5263 6574 6705 6837 4284 5314 5989 1769 1005 9330 3061 3833 9118 8301 1849 3069 5959 795 801 2854 1333 3408 8935 9329 6005 4218 8741 4051 7648
93,386 9118 6574 6837 4284 5314 8301 3833 5263 6705 5989 1769 1005 9330 3061 795 801 2854 1333 5959 3408 8935 9329 6005 4218 3069 1849 8741 4051 7648
94,386 5263 6574 6705 6837 4284 5314 5989 1769 1005 9330 3061 3833 9118 8301 5959 1849 3069 8741 795 801 2854 1333 3408 8935 9329 6005 4218 4051 7648
95,386 9118 6574 6837 4284 5314 8301 3833 5263 6705 5989 1769 1005 9330 3061 795 801 2854 1333 5959 3408 8935 9329 6005 4218 3069 1849 8741 4051 7648
96,386 5263 6574 6705 6837 4284 5314 5989 1769 1005 9330 3061 3833 9118 8301 5959 1849 3069 8741 795 801 2854 1333 3408 8935 9329 6005 4218 4051 7648
97,386 5263 6574 6705 6837 4284 5314 5989 1769 1005 9330 3061 3833 9118 8301 1849 3069 5959 8741 795 801 2854 1333 3408 8935 9329 6005 4218 4051 7648
98,386 5263 6574 6705 6837 4284 5314 5989 1769 1005 9330 3061 3833 9118 8301 795 801 2854 1333 5959 3408 8935 9329 6005 4218 3069 1849 8741 4051 7648
99,386 9118 6574 6837 4284 5314 8301 3833 5263 6705 5989 1769 1005 9330 3061 795 801 2854 1333 5959 3408 8935 9329 6005 4218 3069 1849 8741 4051 7648
100,386 9118 6574 6837 4284 5314 8301 3833 5263 6705 5989 1769 1005 9330 3061 795 801 2854 1333 5959 3408 8935 9329 6005 4218 3069 1849 8741 4051 7648
101,386 5263 6574 6705 6837 4284 5314 8419 5989 1769 1005 9330 3061 3833 5959 9118 8301 4681 1849 3069 8741 795 801 2854 1333 3408 4051 7648 8935 9329 6005 4218 9730
102,386 5263 6574 6705 6837 4284 5314 5989 1769 1005 9330 3061 3833 9118 8301 795 801 2854 1333 5959 3408 8935 9329 6005 4218 3069 1849 8741 4051 7648
103,386 5263 6574 6705 6837 4284 5314 8419 5989 1769 1005 9330 3061 3833 5959 9118 8301 4681 1849 3069 8741 9730 8935 3408 9329 1333 795 801 2854 4051 7648 6005 4218
104,386 5263 6574 6705 6837 4284 5314 8419 5989 1769 1005 9330 3061 3833 5959 9118 8301 4681 1849 3069 8741 795 801 2854 1333 3408 4051 7648 8935 9329 6005 4218 9730
105,386 5263 6574 6705 6837 4284 5314 5989 1769 1005 9330 3061 3833 9118 8301 1849 3069 795 801 2854 1333 5959 3408 8935 9329 6005 4218 8741 4051 7648
106,386 5263 6574 6705 6837 4284 5314 5989 1769 1005 9330 3061 3833 9118 8301 1849 3069 5959 795 801 2854 1333 3408 8935 9329 6005 4218 8741 4051 7648
107,386 5263 6574 6705 6837 4284 5314 5989 1769 1005 9330 3061 3833 9118 8301 1849 3069 5959 8741 795 801 2854 1333 3408 8935 9329 6005 4218 4051 7648
108,386 5263 6574 6705 6837 4284 5314 8419 5989 1769 1005 9330 3061 3833 5959 9118 8301 4681 1849 3069 8741 795 801 2854 1333 3408 4051 7648 8935 9329 6005 4218 9730
109,386 5263 6574 6705 6837 4284 5314 8419 5989 1769 1005 9330 3061 3833 5959 9118 8301 4681 1849 3069 8741 795 801 2854 1333 3408 4051 7648 8935 9329 6005 4218 9730
110,386 5263 6574 6705 6837 4284 5314 8419 5989 1769 1005 9330 3061 3833 5959 9118 8301 4681 1849 3069 8741 795 801 2854 1333 3408 4051 7648 8935 9329 6005 4218 9730
111,386 5263 6574 6705 6837 4284 5314 5989 1769 1005 9330 3061 3833 9118 8301 795 801 2854 1333 5959 3408 8935 9329 6005 4218 3069 1849 8741 4051 7648
112,386 5263 6574 6705 6837 4284 5314 5989 1769 1005 9330 3061 3833 9118 8301 5959 1849 3069 8741 795 801 2854 1333 3408 8935 9329 6005 4218 4051 7648
113,386 5263 6574 6705 6837 4284 5314 5989 1769 1005 9330 3061 3833 9118 8301 5959 1849 3069 8741 795 801 2854 1333 3408 8935 9329 6005 4218 4051 7648
114,386 5263 6574 6705 6837 4284 5314 8419 5989 1769 1005 9330 3061 3833 5959 9118 8301 4681 1849 3069 8741 795 801 2854 1333 3408 4051 7648 8935 9329 6005 4218 9730
115,386 9118 6574 6837 4284 5314 8301 3833 5263 6705 5989 1769 1005 9330 3061 795 801 2854 1333 5959 3408 8935 9329 6005 4218 3069 1849 8741 4051 7648
116,386 5263 6574 6705 6837 4284 5314 5989 1769 1005 9330 3061 3833 9118 8301 795 801 2854 1333 5959 3408 8935 9329 6005 4218 3069 1849 8741 4051 7648
117,386 5263 6574 6705 6837 4284 5314 5989 1769 1005 9330 3061 3833 5959 9118 8301 1849 3069 8741 8935 3408 9329 1333 795 801 2854 4051 7648 6005 4218
118,386 5263 6574 6705 6837 4284 5314 5989 1769 1005 9330 3061 3833 9118 8301 1849 3069 795 801 2854 1333 5959 3408 8935 9329 6005 4218 8741 4051 7648
119,386 5263 6574 6705 6837 4284 5314 5989 1769 1005 9330 3061 3833 5959 9118 8301 1849 3069 8741 8935 3408 9329 1333 795 801 2854 4051 7648 6005 4218
120,386 5263 6574 6705 6837 4284 5314 5989 1769 1005 9330 3061 3833 5959 9118 8301 1849 3069 8741 8935 3408 9329 1333 795 801 2854 4051 7648 6005 4218
121,386 5263 6574 6705 6837 4284 5314 5989 1769 1005 9330 3061 3833 5959 9118 8301 1849 3069 8741 8935 3408 9329 1333 795 801 2854 4051 7648 6005 4218
122,386 5263 6574 6705 6837 4284 5314 5989 1769 1005 9330 3061 3833 5959 9118 8301 1849 3069 8741 8935 3408 9329 1333 795 801 2854 4051 7648 6005 4218
123,386 5263 6574 6705 6837 4284 5314 5989 1769 1005 9330 3061 3833 5959 9118 8301 1849 3069 8741 8935 3408 9329 1333 795 801 2854 4051 7648 6005 4218
124,386 5263 6574 6705 6837 4284 5314 8419 5989 1769 1005 9330 3061 3833 5959 9118 8301 4681 1849 3069 8741 795 801 2854 1333 3408 4051 7648 8935 9329 6005 4218 9730
125,386 5263 6574 6705 6837 4284 5314 5989 1769 1005 9330 3061 3833 5959 9118 8301 1849 3069 8741 8935 3408 9329 1333 795 801 2854 4051 7648 6005 4218
126,386 5263 6574 6705 6837 4284 5314 5989 1769 1005 9330 3061 3833 9118 8301 795 801 2854 1333 5959 3408 8935 9329 6005 4218 3069 1849 8741 4051 7648
127,386 5263 6574 6705 6837 4284 5314 5989 1769 1005 9330 3061 3833 5959 9118 8301 1849 3069 8741 8935 3408 9329 1333 795 801 2854 4051 7648 6005 4218
128,386 5263 6574 6705 6837 4284 5314 5989 1769 1005 9330 3061 3833 5959 9118 8301 1849 3069 8741 8935 3408 9329 1333 795 801 2854 4051 7648 6005 4218
129,386 5263 6574 6705 6837 4284 5314 5989 1769 1005 9330 3061 3833 5959 9118 8301 1849 3069 8741 8935 3408 9329 1333 795 801 2854 4051 7648 6005 4218
130,386 5263 6574 6705 6837 4284 5314 5989 1769 1005 9330 3061 3833 9118 8301 795 801 2854 1333 5959 3408 8935 9329 6005 4218 3069 1849 8741 4051 7648
131,386 5263 6574 6705 6837 4284 5314 8419 5989 1769 1005 9330 3061 3833 5959 9118 8301 4681 1849 3069 8741 9730 8935 3408 9329 1333 795 801 2854 4051 7648 6005 4218
132,386 5263 6574 6705 6837 4284 5314 8419 5989 1769 1005 9330 3061 3833 5959 9118 8301 4681 1849 3069 8741 9730 8935 3408 9329 1333 795 801 2854 4051 7648 6005 4218
133,386 5263 6574 6705 6837 4284 5314 5989 1769 1005 9330 3061 3833 9118 8301 795 801 2854 1333 5959 3408 8935 9329 6005 4218 3069 1849 8741 4051 7648
134,386 5263 6574 6705 6837 4284 5314 5989 1769 1005 9330 3061 3833 9118 8301 795 801 2854 1333 5959 3408 8935 9329 6005 4218 3069 1849 8741 4051 7648
135,386 5263 6574 6705 6837 4284 5314 8419 5989 1769 1005 9330 3061 3833 5959 9118 8301 4681 1849 3069 8741 9730 8935 3408 9329 1333 795 801 2854 4051 7648 6005 4218
136,386 5263 6574 6705 6837 4284 5314 5989 1769 1005 9330 3061 3833 9118 8301 795 801 2854 1333 5959 3408 8935 9329 6005 4218 3069 1849 8741 4051 7648
137,386 5263 6574 6705 6837 4284 5314 5989 1769 1005 9330 3061 3833 9118 8301 1849 3069 5959 795 801 2854 1333 3408 8935 9329 6005 4218 8741 4051 7648
138,386 5263 6574 6705 6837 4284 5314 5989 1769 1005 9330 3061 3833 9118 8301 795 801 2854 1333 5959 3408 8935 9329 6005 4218 3069 1849 8741 4051 7648
139,386 5263 6574 6705 6837 4284 5314 5989 1769 1005 9330 3061 3833 9118 8301 795 801 2854 1333 5959 3408 8935 9329 6005 4218 3069 1849 8741 4051 7648
140,386 5263 6574 6705 6837 4284 5314 5989 1769 1005 9330 3061 3833 9118 8301 795 801 2854 1333 5959 3408 8935 9329 6005 4218 3069 1849 8741 4051 7648
141,386 5263 6574 6705 6837 4284 5314 5989 1769 1005 9330 3061 3833 9118 8301 795 801 2854 1333 5959 3408 8935 9329 6005 4218 3069 1849 8741 4051 7648
142,386 5263 6574 6705 6837 4284 5314 5989 1769 1005 9330 3061 3833 9118 8301 795 801 2854 1333 5959 3408 8935 9329 6005 4218 3069 1849 8741 4051 7648
143,386 5263 6574 6705 6837 4284 5314 5989 1769 1005 9330 3061 3833 9118 8301 795 801 2854 1333 5959 3408 8935 9329 6005 4218 3069 1849 8741 4051 7648
144,386 5263 6574 6705 6837 4284 5314 5989 1769 1005 9330 3061 3833 9118 8301 795 801 2854 1333 5959 3408 8935 9329 6005 4218 3069 1849 8741 4051 7648
145,386 5263 6574 6705 6837 4284 5314 5989 1769 1005 9330 3061 3833 9118 8301 795 801 2854 1333 5959 3408 8935 9329 6005 4218 3069 1849 8741 4051 7648
146,386 5263 6574 6705 6837 4284 5314 5989 1769 1005 9330 3061 3833 5959 9118 8301 1849 3069 8741 8935 3408 9329 1333 795 801 2854 6005 4218 4051 7648
147,386 5263 6574 6705 6837 4284 5314 5989 1769 1005 9330 3061 3833 5959 9118 8301 1849 3069 8741 8935 3408 9329 1333 795 801 2854 6005 4218 4051 7648
148,386 5263 6574 6705 6837 4284 5314 8419 5989 1769 1005 9330 3061 3833 5959 9118 8301 4681 1849 3069 8741 795 801 2854 1333 3408 4051 7648 8935 9329 6005 4218 9730
149,386 5263 6574 6705 6837 4284 5314 5989 1769 1005 9330 3061 3833 9118 8301 795 801 2854 1333 5959 3408 8935 9329 6005 4218 3069 1849 8741 4051 7648
150,386 5263 6574 6705 6837 4284 5314 5989 1769 1005 9330 3061 3833 5959 9118 8301 1849 3069 8741 8935 3408 9329 1333 795 801 2854 6005 4218 4051 7648
151,386 5263 6574 6705 6837 4284 5314 5989 1769 1005 9330 3061 3833 9118 8301 795 801 2854 1333 5959 3408 8935 9329 6005 4218 3069 1849 8741 4051 7648
152,386 5263 6574 6705 6837 4284 5314 5989 1769 1005 9330 3061 3833 9118 8301 795 801 2854 1333 5959 3408 8935 9329 6005 4218 3069 1849 8741 4051 7648
153,386 5263 6574 6705 6837 4284 5314 5989 1769 1005 9330 3061 3833 5959 9118 8301 1849 3069 8741 8935 3408 9329 1333 795 801 2854 6005 4218 4051 7648
154,386 5263 6574 6705 6837 4284 5314 5989 1769 1005 9330 3061 3833 5959 9118 8301 1849 3069 8741 8935 3408 9329 1333 795 801 2854 6005 4218 4051 7648
155,386 5263 6574 6705 6837 4284 5314 5989 1769 1005 9330 3061 3833 5959 9118 8301 1849 3069 8741 8935 3408 9329 1333 795 801 2854 6005 4218 4051 7648
156,386 5263 6574 6705 6837 4284 5314 5989 1769 1005 9330 3061 3833 5959 9118 8301 1849 3069 8741 8935 3408 9329 1333 795 801 2854 6005 4218 4051 7648
157,386 5263 6574 6705 6837 4284 5314 5989 1769 1005 9330 3061 3833 5959 9118 8301 1849 3069 8741 8935 3408 9329 1333 795 801 2854 6005 4218 4051 7648
158,386 5263 6574 6705 6837 4284 5314 5989 1769 1005 9330 3061 3833 5959 9118 8301 1849 3069 8741 8935 3408 9329 1333 795 801 2854 6005 4218 4051 7648
159,386 5263 6574 6705 6837 4284 5314 5989 1769 1005 9330 3061 3833 9118 8301 795 801 2854 1333 5959 3408 8935 9329 6005 4218 3069 1849 8741 4051 7648
160,386 5263 6574 6705 6837 4284 5314 5989 1769 1005 9330 3061 3833 5959 9118 8301 1849 3069 8741 8935 3408 9329 1333 795 801 2854 6005 4218 4051 7648
161,386 5263 6574 6705 6837 4284 5314 5989 1769 1005 9330 3061 3833 5959 9118 8301 1849 3069 8741 8935 3408 9329 1333 795 801 2854 6005 4218 4051 7648
162,386 5263 6574 6705 6837 4284 5314 5989 1769 1005 9330 3061 3833 795 801 2854 1333 5959 3408 8935 9329 6005 4218 3069 9118 8301 1849 8741 4051 7648
163,386 5263 6574 6705 6837 4284 5314 8419 5989 1769 1005 9330 3061 3833 5959 9118 8301 4681 1849 3069 8741 795 801 2854 1333 3408 4051 7648 8935 9329 6005 4218 9730
164,386 5263 6574 6705 6837 4284 5314 8419 5989 1769 1005 9330 3061 3833 5959 9118 8301 4681 1849 3069 8741 795 801 2854 1333 3408 4051 7648 8935 9329 6005 4218 9730
165,386 5263 6574 6705 6837 4284 5314 5989 1769 1005 9330 3061 3833 9118 8301 1849 3069 5959 795 801 2854 1333 3408 8935 9329 6005 4218 8741 4051 7648
166,386 5263 6574 6705 6837 4284 5314 8419 5989 1769 1005 9330 3061 3833 5959 9118 8301 4681 1849 3069 8741 9730 8935 3408 9329 1333 795 801 2854 4051 7648 6005 4218
167,386 5263 6574 6705 6837 4284 5314 5989 1769 1005 9330 3061 3833 5959 9118 8301 1849 3069 8741 8935 3408 9329 1333 795 801 2854 6005 4218 4051 7648
168,386 5263 6574 6705 6837 4284 5314 5989 1769 1005 9330 3061 3833 795 801 2854 1333 5959 3408 8935 9329 6005 4218 3069 9118 8301 1849 8741 4051 7648
169,386 5263 6574 6705 6837 4284 5314 5989 1769 1005 9330 3061 3833 9118 8301 5959 1849 3069 8741 795 801 2854 1333 3408 8935 9329 6005 4218 4051 7648
170,386 5263 6574 6705 6837 4284 5314 8419 5989 1769 1005 9330 3061 3833 5959 9118 8301 4681 1849 3069 8741 9730 8935 3408 9329 1333 795 801 2854 4051 7648 6005 4218
171,386 5263 6574 6705 6837 4284 5314 8419 5989 1769 1005 9330 3061 3833 5959 9118 8301 4681 1849 3069 8741 9730 8935 3408 9329 1333 795 801 2854 4051 7648 6005 4218
172,386 5263 6574 6705 6837 4284 5314 8419 5989 1769 1005 9330 3061 3833 5959 9118 8301 4681 1849 3069 8741 9730 8935 3408 9329 1333 795 801 2854 4051 7648 6005 4218
173,386 5263 6574 6705 6837 4284 5314 8419 5989 1769 1005 9330 3061 3833 5959 9118 8301 4681 1849 3069 8741 9730 8935 3408 9329 1333 795 801 2854 4051 7648 6005 4218
174,386 5263 6574 6705 6837 4284 5314 8419 5989 1769 1005 9330 3061 3833 5959 9118 8301 4681 1849 3069 8741 9730 8935 3408 9329 1333 795 801 2854 4051 7648 6005 4218
175,386 5263 6574 6705 6837 4284 5314 8419 5989 1769 1005 9330 3061 3833 5959 9118 8301 4681 1849 3069 8741 9730 8935 3408 9329 1333 795 801 2854 4051 7648 6005 4218
176,386 5263 6574 6705 6837 4284 5314 8419 5989 1769 1005 9330 3061 3833 5959 9118 8301 4681 1849 3069 8741 9730 8935 3408 9329 1333 795 801 2854 4051 7648 6005 4218
177,386 5263 6574 6705 6837 4284 5314 8419 5989 1769 1005 9330 3061 3833 5959 9118 8301 4681 1849 3069 8741 9730 8935 3408 9329 1333 795 801 2854 4051 7648 6005 4218
178,386 5263 6574 6705 6837 4284 5314 8419 5989 1769 1005 9330 3061 3833 5959 9118 8301 4681 1849 3069 8741 9730 8935 3408 9329 1333 795 801 2854 4051 7648 6005 4218
179,386 5263 6574 6705 6837 4284 5314 8419 5989 1769 1005 9330 3061 3833 5959 9118 8301 4681 1849 3069 8741 9730 8935 3408 9329 1333 795 801 2854 4051 7648 6005 4218
180,386 5263 6574 6705 6837 4284 5314 8419 5989 1769 1005 9330 3061 3833 5959 9118 8301 4681 1849 3069 8741 9730 8935 3408 9329 1333 795 801 2854 4051 7648 6005 4218
181,386 5263 6574 6705 6837 4284 5314 8419 5989 1769 1005 9330 3061 3833 5959 9118 8301 4681 1849 3069 8741 9730 8935 3408 9329 1333 795 801 2854 4051 7648 6005 4218
182,386 5263 6574 6705 6837 4284 5314 8419 5989 1769 1005 9330 3061 3833 5959 9118 8301 4681 1849 3069 8741 9730 8935 3408 9329 1333 795 801 2854 4051 7648 6005 4218
183,386 5263 6574 6705 6837 4284 5314 8419 5989 1769 1005 9330 3061 3833 5959 9118 8301 4681 1849 3069 8741 9730 8935 3408 9329 1333 795 801 2854 4051 7648 6005 4218
184,386 5263 6574 6705 6837 4284 5314 5989 1769 1005 9330 3061 3833 9118 8301 1849 3069 795 801 2854 1333 5959 3408 8935 9329 6005 4218 8741 4051 7648
185,386 5263 6574 6705 6837 4284 5314 8419 5989 1769 1005 9330 3061 3833 5959 9118 8301 4681 1849 3069 8741 9730 8935 3408 9329 1333 795 801 2854 4051 7648 6005 4218
186,386 5763 268 5263 24 3097 801 2854 4284 5959 6361 8935 7787 9329 9075 7415 7426 795 4906 5314 5707 9803 3408 5481 1005 4218 3069 8741
187,386 5891 5763 268 5263 24 3097 801 8354 2854 5959 6361 8935 7787 9329 9075 7415 7426 3408 4218 3069 795 9803 2509 1005 4906 5707 4059
188,386 5891 5763 268 5263 24 3097 801 8354 2854 5959 6361 8935 7787 9329 9075 7415 7426 3408 4218 3069 795 9803 2509 1005 4906 5707 4059
189,386 5263 6574 6705 6837 4284 5314 5989 1769 1005 9330 3061 3833 9118 8301 5959 1849 3069 795 801 2854 1333 3408 8935 9329 6005 4218 8741 4051 7648
190,386 5263 6574 6705 6837 4284 5314 5989 1769 1005 9330 3061 3833 9118 8301 795 801 2854 1333 5959 3408 8935 9329 6005 4218 3069 1849 8741 4051 7648
191,386 5763 268 5263 24 3097 801 2854 4284 5959 6361 8935 7787 9329 9075 7415 7426 795 4906 1333 5314 5707 3408 5481 1005 4218 3069 8741
192,386 5263 6574 6705 6837 4284 5314 5989 1769 1005 9330 3061 3833 9118 8301 5959 1849 3069 8741 795 801 2854 1333 3408 8935 9329 6005 4218 4051 7648
193,386 5891 5763 268 5263 24 3097 801 8354 2854 5959 6361 8935 7787 9329 9075 7415 7426 3408 4218 3069 1005 2509 795 9803 4906 5707 4059
194,386 5891 5763 268 5263 24 3097 801 8354 2854 5959 6361 8935 7787 9329 9075 7415 7426 3408 4218 3069 1005 2509 795 9803 4906 5707 4059
195,386 5763 268 5263 24 3097 801 2854 5959 6361 8935 7787 9329 9075 7415 7426 3408 4218 3069 1005 2509 795 9803 5481 4906 5707 4059
196,386 5263 6574 6705 6837 4284 5314 5989 1769 1005 9330 3061 3833 9118 8301 5959 1849 3069 795 801 2854 1333 3408 8935 9329 6005 4218 8741 4051 7648
197,386 5891 5763 268 5263 24 3097 801 2854 4284 5959 6361 8935 7787 9329 9075 7415 7426 3408 4218 795 4906 5314 9803 5481 1005 3069
198,386 5763 268 5263 24 3097 801 2854 4284 5959 6361 8935 7787 9329 9075 7415 7426 3408 4218 3069 795 4906 1333 5314 5707 9803 5481 1005
199,386 5763 268 5263 24 3097 801 2854 4284 5959 6361 8935 7787 9329 9075 7415 7426 3408 4218 3069 795 4906 1333 5314 5707 9803 5481 1005
200,386 5263 6574 6705 6837 4284 5314 5989 1769 1005 9330 3061 3833 9118 8301 5959 1849 3069 795 801 2854 1333 3408 8935 9329 6005 4218 8741 4051 7648
201,386 5263 6574 6705 6837 4284 5314 5989 1769 1005 9330 3061 3833 9118 8301 795 801 2854 1333 5959 3408 8935 9329 6005 4218 3069 1849 8741 4051 7648
202,386 5763 268 5263 24 3097 801 2854 4284 5959 6361 8935 7787 9329 9075 7415 7426 3408 4218 1005 3069 795 4906 1333 5314 5707 9803 5481
203,386 5763 268 5263 24 3097 801 2854 4284 5959 6361 8935 7787 9329 9075 7415 7426 3408 4218 1005 3069 795 4906 1333 5314 5707 9803 5481
204,386 5763 268 5263 24 3097 801 2854 4284 5959 6361 8935 7787 9329 9075 7415 7426 3408 4218 1005 3069 795 4906 1333 5314 5707 9803 5481
205,386 5763 268 5263 24 3097 801 2854 4284 5959 6361 8935 7787 9329 9075 7415 7426 3408 4218 1005 3069 795 4906 1333 5314 5707 9803 5481
206,386 5763 268 5263 24 3097 801 8354 2854 5959 6361 8935 7787 9329 9075 7415 1005 2509 3069 4218 795 7426 3408 4906 9803 5707 4059
207,386 5263 6574 6705 6837 4284 5314 5989 1769 1005 9330 3061 3833 5763 7426 268 24 3097 795 801 2854 1333 5959 3408 6361 8935 7787 9329 6005 7415 4218 3069 9118 8301 8741 8354 4051 7648 254
208,386 5763 268 5263 24 3097 801 2854 4284 5959 6361 8935 7787 9329 9075 7415 7426 8741 3408 4218 795 4906 5314 5707 9803 5481 1005 3069
209,386 5763 268 5263 24 3097 801 2854 4284 5959 6361 8935 7787 9329 9075 7415 7426 8741 3408 4218 795 4906 5314 5707 9803 5481 1005 3069
210,386 5763 268 5263 24 3097 801 2854 4284 5959 6361 8935 7787 9329 9075 7415 7426 3408 4218 795 4906 1333 5314 5707 9803 5481 1005 3069
211,386 5763 268 5263 24 3097 801 2854 4284 5959 6361 8935 7787 9329 9075 7415 7426 8741 3408 4218 795 4906 5314 5707 9803 5481 1005 3069
212,386 5763 268 5263 24 3097 801 2854 4284 5959 6361 8935 7787 9329 9075 7415 7426 3408 4218 795 4906 1333 5314 5707 9803 5481 1005 3069
213,386 5763 268 5263 24 3097 801 2854 4284 5959 6361 8935 7787 9329 9075 7415 7426 3408 4218 795 4906 1333 5314 5707 9803 5481 1005 3069
214,386 5763 268 5263 24 3097 801 2854 4284 5959 6361 8935 7787 9329 9075 7415 7426 3408 4218 1005 3069 795 4906 1333 5314 5707 9803 5481
215,386 5763 268 5263 24 3097 801 2854 4284 5959 6361 8935 7787 9329 9075 7415 7426 8741 6574 3408 4218 5314 5707 5481 1005 3069 9330 3061
216,386 5263 6574 6705 6837 4284 5314 5989 1769 1005 9330 3061 3833 5763 7426 268 24 3097 795 801 2854 1333 5959 3408 6361 8935 7787 9329 6005 7415 4218 3069 9118 8301 8741 8354 4051 7648 254
217,386 5763 268 5263 24 3097 801 8354 2854 5959 6361 8935 7787 9329 9075 7415 1005 2509 3069 4218 795 4906 9803 7426 3408 5707 4059
218,386 5763 268 5263 24 3097 801 2854 4284 5959 6361 8935 7787 9329 9075 7415 7426 3408 4218 1005 3069 795 4906 1333 5314 5707 9803 5481
219,386 5263 6574 6705 6837 4284 5314 5989 1769 1005 9330 3061 3833 5763 7426 268 24 3097 795 801 2854 1333 5959 3408 6361 8935 7787 9329 6005 7415 4218 3069 9118 8301 8741 8354 4051 7648 254
220,386 5263 6574 6705 6837 4284 5314 5989 1769 1005 9330 3061 3833 5763 7426 268 24 3097 795 801 2854 1333 5959 3408 6361 8935 7787 9329 6005 7415 4218 3069 9118 8301 8741 8354 4051 7648 254
221,386 5763 7426 268 5263 24 3097 795 801 2854 6574 1333 4284 5314 5959 3408 6361 5989 8935 7787 1005 9329 6005 7415 4218 3069 6837 9330 3061 3833 9118 8301 8741 8354 7648
222,386 5891 5763 268 5263 24 3097 801 8354 2854 5959 6361 8935 7787 9329 9075 7415 1005 2509 3069 4218 795 7426 3408 4906 9803 5707 4059
223,386 5763 268 5263 24 3097 801 2854 4284 5959 6361 8935 7787 9329 9075 7415 1005 2509 3069 4218 795 7426 3408 5481 4906 9803 1333 5707 4059
224,386 5263 6574 6837 4284 5314 5989 1005 9330 3061 3833 5763 7426 268 24 3097 795 801 2854 1333 5959 3408 6361 8935 7787 9329 6005 7415 4218 3069 9118 8301 8741 8354 7648
225,386 5263 6574 6837 4284 5314 5989 1005 9330 3061 3833 5763 7426 268 24 3097 795 801 2854 1333 5959 3408 6361 8935 7787 9329 6005 7415 4218 3069 9118 8301 8741 8354 7648
226,386 5763 7426 268 5263 24 3097 795 801 2854 6574 1333 4284 5314 5959 3408 6361 5989 8935 7787 1005 9329 6005 7415 4218 3069 6837 9330 3061 3833 9118 8301 8741 8354 7648
227,386 5763 268 5263 24 3097 801 2854 4284 5959 6361 8935 7787 9329 9075 7415 1005 2509 3069 4218 795 7426 3408 5481 4906 9803 1333 5707 4059
228,386 5891 5763 268 5263 24 3097 801 8354 2854 5959 6361 8935 7787 9329 9075 7415 1005 2509 3069 4218 795 4906 9803 3408 7426 5707 4059
229,386 5763 7426 268 5263 3218 24 3097 795 801 2854 6574 1333 4284 5314 5959 3408 6361 5989 8935 7787 1005 9329 7415 4218 3069 6837 9330 3061 3833 8301 8354 8741
230,386 5263 6574 4284 5314 5989 1005 9330 3061 3833 5763 7426 268 24 3097 795 801 2854 1333 5959 3408 6361 8935 7787 9329 6005 7415 4218 3069 9118 8301 8741 8354 7648
231,386 5891 5763 268 5263 24 3097 801 2854 5959 6361 8935 7787 9329 9075 7415 1005 2509 3069 4218 5481 4906 9803 3408 4059 8741 7426 5707
232,386 5891 5763 268 5263 24 3097 801 2854 5959 6361 8935 7787 9329 9075 7415 1005 2509 3069 4218 5481 4906 9803 4059 3408 8741 7426 5707
233,386 5263 6574 6705 6837 4284 5314 5989 1769 1005 9330 3061 3833 9118 8301 5959 1849 3069 8741 795 801 2854 1333 3408 8935 9329 6005 4218 4051 7648
234,386 5263 6574 6705 6837 4284 5314 5989 1769 1005 9330 3061 3833 9118 8301 5959 1849 3069 8741 795 801 2854 1333 3408 8935 9329 6005 4218 4051 7648
235,386 5263 6574 6705 6837 4284 5314 5989 1769 1005 9330 3061 3833 9118 8301 5763 8354 5959 6361 7787 1849 3069 268 24 3097 795 801 2854 1333 3408 8935 9329 6005 7415 4218 8741 4051 7648 254
236,386 5891 5763 268 5263 24 3097 801 2854 5959 6361 8935 7787 9329 9075 7415 1005 2509 3069 4218 5481 4906 9803 4059 3408 8741 7426 5707
237,386 5263 6574 6837 4284 5314 5989 1005 9330 3061 3833 9118 8301 5763 7426 268 24 3097 795 801 2854 1333 5959 3408 6361 8935 7787 9329 6005 7415 4218 3069 8354 8741 7648
238,2854 5959 8935 1005 2509 268 9329 3069 24 4218 386 5891 5763 5263 3097 801 6361 7787 9075 7415 4059 5481 4906 9803 3408 8741 5707 7426
239,2854 5959 8935 1005 2509 268 9329 3069 24 4218 386 5891 5763 5263 3097 801 6361 7787 9075 7415 4059 5481 4906 9803 3408 8741 5707 7426
240,2854 5959 8935 1005 2509 268 9329 3069 24 4218 386 5891 5763 5263 3097 801 6361 7787 9075 7415 4059 5481 4906 9803 3408 8741 5707 7426
241,2854 5959 8935 1005 2509 268 9329 3069 24 4218 386 5891 5763 5263 3097 801 6361 7787 9075 7415 4059 5481 4906 9803 5707 3408 8741 7426
242,2854 5959 8935 1005 2509 268 9329 3069 24 4218 386 5891 5763 5263 3097 801 6361 7787 9075 7415 4059 5481 4906 9803 3408 8741 5707 7426
243,2854 5959 8935 1005 2509 268 9329 3069 24 4218 386 5891 5763 5263 3097 801 6361 7787 9075 7415 4059 5481 4906 9803 5707 3408 8741 7426
244,386 5763 268 5263 24 3097 801 2854 4284 5959 6361 8935 7787 9329 9075 7415 1005 3069 4218 5481 7426 6574 5314 3408
245,386 5763 268 5263 24 3097 801 2854 4284 5959 6361 8935 7787 9329 9075 7415 1005 3069 4218 5481 7426 6574 5314 3408
246,2854 5959 8935 1005 2509 268 9329 3069 24 4218 386 5891 5763 5263 3097 801 6361 7787 9075 7415 4059 5481 4906 9803 3408 8741 5707 7426
247,2854 5959 8935 1005 2509 268 9329 3069 24 4218 386 5763 5263 801 4059 7787 9075 5891 3097 6361 7415 5481 4906 9803 5707 3408 8741 7426
248,2854 5959 8935 1005 2509 268 9329 3069 24 4218 386 5891 5763 5263 3097 801 6361 7787 9075 7415 4059 5481 4906 9803 3408 8741 5707 7426
249,2854 5959 8935 1005 2509 268 9329 3069 24 4218 386 5763 5263 801 4059 7787 9075 5891 3097 6361 7415 5481 4906 9803 5707 3408 8741 7426
250,386 5763 268 5263 24 3097 801 2854 4284 5959 6361 8935 7787 9329 9075 7415 1005 3069 4218 5481 4906 9803 1333 6574 3408 5314
251,2854 5959 8935 1005 2509 268 9329 3069 24 4218 386 5763 5263 801 4059 7787 9075 5891 3097 6361 7415 5481 4906 9803 5707 3408 8741 7426
252,2854 5959 8935 1005 2509 268 9329 3069 24 4218 386 5891 5763 5263 3097 801 6361 7787 9075 7415 4059 5481 4906 9803 5707 3408 8741 7426
253,2854 5959 8935 1005 2509 268 9329 3069 24 4218 386 5891 5763 5263 3097 801 6361 7787 9075 7415 4059 5481 4906 9803 5707 3408 8741 7426
254,2854 5959 8935 1005 2509 268 9329 3069 24 4218 386 5891 5763 5263 3097 801 6361 7787 9075 7415 4059 5481 4906 9803 3408 8741 5707 7426
255,386 5763 268 5263 24 3097 801 2854 4284 5959 6361 8935 7787 9329 9075 7415 1005 3069 4218 5481 4906 9803 1333 6574 3408 5314
256,2854 5959 8935 1005 2509 268 9329 3069 24 4218 386 5763 5263 801 4059 7787 9075 5891 3097 6361 7415 5481 4906 9803 5707 3408 8741 7426
257,386 5763 268 5263 24 3097 801 2854 4284 5959 6361 8935 7787 9329 9075 7415 1005 3069 4218 5481 4906 9803 1333 6574 3408 5314
258,386 5763 268 5263 24 3097 801 2854 4284 5959 6361 8935 7787 9329 9075 7415 1005 3069 4218 5481 4906 9803 1333 6574 3408 5314
259,386 5763 268 5263 24 3097 801 2854 4284 5959 6361 8935 7787 9329 9075 7415 1005 3069 4218 5481 4906 9803 1333 6574 3408 5314
260,2854 5959 8935 1005 2509 268 9329 3069 24 4218 386 5891 5763 5263 3097 801 6361 7787 9075 7415 4059 5481 4906 9803 5707 3408 8741 7426
