Id,Predicted
1,386 5263 6574 2098 6837 4284 5314 5989 1769 1005 9330 3061 3833 7426 5763 5959 6361 7787 8741 3069 8079 268 795 9118 801 2854 7648 8935 9329 4218 24 9075
2,386 5263 6574 2098 6837 4284 5314 5989 1769 1005 9330 3061 3833 7426 5763 5959 6361 7787 8741 3069 8079 268 795 9118 801 2854 7648 8935 9329 4218 24 9075
3,386 5263 6574 2098 6837 4284 5314 5989 1769 1005 9330 3061 3833 7426 5763 5959 6361 7787 8741 3069 8079 268 795 9118 801 2854 7648 8935 9329 4218 24 9075
4,386 5263 6574 2098 6837 4284 5314 5989 1769 1005 9330 3061 3833 7426 5763 5959 6361 7787 8741 3069 8079 268 795 9118 801 2854 7648 8935 9329 4218 24 9075
5,386 5263 6574 6837 4284 5314 5989 1005 9330 3061 7426 5763 5959 6361 7787 8741 3069 9118 8079 268 795 801 2854 7648 8935 9329 4218 24 9075
6,386 5263 6574 6837 4284 5314 5989 1005 9330 3061 7426 5763 5959 6361 7787 9118 8741 3069 268 795 801 2854 7648 8935 9329 7415 4218 24 4906 9075
7,386 5263 6574 6837 4284 5314 5989 1005 9330 3061 7426 5763 5959 6361 7787 9118 8741 3069 268 795 801 2854 7648 8935 9329 7415 4218 24 4906 9075
8,386 5263 6574 6837 4284 5314 5989 1005 9330 3061 7426 5763 5959 6361 7787 9118 8741 3069 268 795 801 2854 7648 8935 9329 7415 4218 24 4906 9075
9,386 5263 6574 6837 4284 5314 5989 1005 9330 3061 7426 5763 5959 6361 7787 9118 8741 3069 268 795 801 2854 7648 8935 9329 7415 4218 24 4906 9075
10,386 5263 6574 6837 4284 5314 5989 1005 9330 3061 7426 5763 5959 6361 7787 9118 8741 3069 268 795 801 2854 7648 8935 9329 7415 4218 24 4906 9075
11,386 5263 6574 6837 4284 5314 5989 1005 9330 3061 7426 5763 5959 6361 7787 9118 8741 3069 268 795 801 2854 7648 8935 9329 7415 4218 24 4906 9075
12,386 5263 6574 6837 4284 5314 5989 1005 9330 3061 7426 5763 5959 6361 7787 9118 8741 3069 268 795 801 2854 7648 8935 9329 7415 4218 24 4906 9075
13,386 5263 6574 6837 4284 5314 5989 1005 9330 3061 7426 5763 5959 6361 7787 9118 8741 3069 268 795 801 2854 7648 8935 9329 7415 4218 24 4906 9075
14,386 5263 6574 6837 4284 5314 5989 1005 9330 3061 7426 5763 5959 6361 7787 9118 8741 3069 268 795 801 2854 7648 8935 9329 7415 4218 24 4906 9075
15,386 6837 4284 5314 5263 1005 9330 3061 3069 8741 3408 8935 9329 7415 5763 7426 268 24 3097 795 801 2854 4906 5959 6361 7787 9075 4218 7648
16,386 5263 6574 6837 4284 5314 5989 1005 9330 3061 7426 5763 5959 6361 7787 9118 8741 3069 8079 268 795 801 2854 7648 8935 9329 4218 24 9075
17,386 5263 6574 2098 6837 4284 5314 5989 1769 1005 9330 3061 3833 7426 5763 5959 6361 7787 9118 8741 3069 8079 268 795 801 2854 7648 8935 9329 4218 24 9075
18,386 6837 4284 5314 5263 1005 9330 3061 3069 5763 7426 268 24 3097 795 801 2854 4906 5959 3408 6361 8935 7787 9329 9075 7415 4218 8741 7648
19,386 5263 9906 4284 5314 1005 9330 3061 3069 5763 7426 268 24 3097 795 801 2854 4906 5959 3408 6361 8935 7787 9329 9075 7415 4218 8741 307 7648 2509
20,386 5263 9906 4284 5314 1005 9330 3061 3069 5763 7426 268 24 3097 795 801 2854 4906 5959 3408 6361 8935 7787 9329 9075 7415 4218 8741 307 7648 2509
21,386 5263 9906 4284 5314 1005 9330 3061 3069 5763 7426 268 24 3097 795 801 2854 4906 5959 3408 6361 8935 7787 9329 9075 7415 4218 8741 307 7648 2509
22,386 5263 6574 6837 4284 5314 5989 1005 9330 3061 7426 5763 5959 6361 7787 9118 8741 3069 268 795 801 2854 7648 8935 9329 7415 4218 24 4906 9075
23,386 5263 9906 4284 5314 1005 9330 3061 7426 5763 5959 6361 7787 3069 8741 307 3408 8935 9329 7415 268 24 3097 795 801 2854 4906 9075 4218 7648 2509
24,386 5263 6574 6837 4284 5314 5989 1005 9330 3061 7426 5763 5959 6361 7787 9118 8741 3069 268 795 801 2854 7648 8935 9329 7415 4218 24 4906 9075
25,386 5263 6574 6837 4284 5314 5989 1005 9330 3061 7426 5763 5959 6361 7787 9118 8741 3069 268 795 801 2854 7648 8935 9329 7415 4218 24 4906 9075
26,386 5263 6574 6837 4284 5314 5989 1005 9330 3061 7426 5763 5959 6361 7787 9118 8741 3069 268 795 801 2854 7648 8935 9329 7415 4218 24 4906 9075
27,386 5263 6574 6837 4284 5314 5989 1005 9330 3061 7426 5763 5959 6361 7787 9118 8741 3069 268 795 801 2854 7648 8935 9329 7415 4218 24 4906 9075
28,386 5263 6574 6837 4284 5314 5989 1005 9330 3061 7426 5763 5959 6361 7787 9118 8741 3069 268 795 801 2854 7648 8935 9329 7415 4218 24 4906 9075
29,386 5263 9906 4284 5314 1005 9330 3061 7426 5763 5959 6361 7787 3069 8741 307 3408 8935 9329 7415 268 24 3097 795 801 2854 4906 9075 4218 7648 2509
30,386 5263 9906 4284 5314 1005 9330 3061 7426 5763 5959 6361 7787 3069 8741 307 3408 8935 9329 7415 268 24 3097 795 801 2854 4906 9075 4218 7648 2509
31,386 5263 9906 4284 5314 1005 9330 3061 7426 5763 5959 6361 7787 3069 8741 307 3408 8935 9329 7415 268 24 3097 795 801 2854 4906 9075 4218 7648 2509
32,386 5263 6574 6837 4284 5314 5989 1005 9330 3061 7426 5763 5959 6361 7787 9118 8741 3069 268 795 801 2854 7648 8935 9329 7415 4218 24 4906 9075
33,386 5263 6574 6837 4284 5314 5989 1005 9330 3061 7426 5763 5959 6361 7787 9118 8741 3069 268 795 801 2854 7648 8935 9329 7415 4218 24 4906 9075
34,386 5263 9906 4284 5314 1005 9330 3061 7426 5763 5959 6361 7787 3069 8741 307 3408 8935 9329 7415 268 24 3097 795 801 2854 4906 9075 4218 7648 2509
35,386 5263 9906 4284 5314 1005 9330 3061 7426 5763 5959 6361 7787 3069 8741 307 3408 8935 9329 7415 268 24 3097 795 801 2854 4906 9075 4218 7648 2509
36,386 5263 9906 4284 5314 1005 9330 3061 7426 5763 5959 6361 7787 3069 8741 307 3408 8935 9329 7415 268 24 3097 795 801 2854 4906 9075 4218 7648 2509
37,386 5263 9906 4284 5314 1005 9330 3061 7426 5763 5959 6361 7787 3069 8741 307 3408 8935 9329 7415 268 24 3097 795 801 2854 4906 9075 4218 7648 2509
38,386 5263 6574 6837 4284 5314 5989 1005 9330 3061 7426 5763 5959 6361 7787 9118 8741 3069 268 795 801 2854 7648 8935 9329 7415 4218 24 4906 9075
39,386 5263 6574 6837 4284 5314 5989 1005 9330 3061 7426 5763 5959 6361 7787 9118 3069 8741 268 795 801 2854 7648 8935 9329 7415 4218 24 4906 9075
40,386 5263 6574 6837 4284 5314 5989 1005 9330 3061 7426 5763 5959 6361 7787 9118 8741 3069 268 795 801 2854 7648 8935 9329 7415 4218 24 4906 9075
41,386 4284 5314 5263 9906 1005 9330 3061 5763 7426 268 24 3097 795 801 2854 4906 5959 3408 6361 8935 7787 9329 9075 7415 4218 3069 8741 307 7648 2509
42,386 5263 6574 6837 4284 5314 5989 1005 9330 3061 7426 5763 5959 6361 7787 9118 3069 8741 268 795 801 2854 7648 8935 9329 7415 4218 24 4906 9075
43,386 5263 9906 4284 5314 1005 9330 3061 3069 7426 5763 5959 6361 7787 8741 307 268 24 3097 795 801 2854 4906 3408 8935 9329 9075 7415 4218 7648 2509
44,386 5263 9906 4284 5314 1005 9330 3061 3069 7426 5763 5959 6361 7787 8741 307 268 24 3097 795 801 2854 4906 3408 8935 9329 9075 7415 4218 7648 2509
45,386 5263 9906 4284 5314 1005 9330 3061 3069 7426 5763 5959 6361 7787 8741 307 268 24 3097 795 801 2854 4906 3408 8935 9329 9075 7415 4218 7648 2509
46,386 5263 9906 4284 5314 1005 9330 3061 7426 5763 5959 6361 7787 3069 8741 307 3408 8935 9329 7415 268 24 3097 795 801 2854 4906 9075 4218 7648 2509
47,386 5263 9906 4284 5314 1005 9330 3061 7426 5763 5959 6361 7787 3069 8741 307 3408 8935 9329 7415 268 24 3097 795 801 2854 4906 9075 4218 7648 2509
48,386 5263 9906 4284 5314 1005 9330 3061 7426 5763 5959 6361 7787 3069 8741 307 3408 8935 9329 7415 268 24 3097 795 801 2854 4906 9075 4218 7648 2509
49,386 5263 9906 4284 5314 1005 9330 3061 7426 5763 5959 6361 7787 3069 8741 307 3408 8935 9329 7415 268 24 3097 795 801 2854 4906 9075 4218 7648 2509
50,386 5263 6574 6837 4284 5314 5989 1005 9330 3061 7426 5763 5959 6361 7787 9118 8741 3069 268 795 801 2854 7648 8935 9329 7415 4218 24 4906 9075
51,386 5263 9906 4284 5314 1005 9330 3061 7426 5763 5959 6361 7787 3069 8741 307 3408 8935 9329 7415 268 24 3097 795 801 2854 4906 9075 4218 7648 2509
52,386 5263 9906 4284 5314 1005 9330 3061 3069 5763 7426 268 24 3097 795 801 2854 4906 5959 3408 6361 8935 7787 9329 9075 7415 4218 8741 307 7648 2509
53,386 5263 9906 4284 5314 1005 9330 3061 3069 7426 5763 5959 6361 7787 8741 307 268 24 3097 795 801 2854 4906 3408 8935 9329 9075 7415 4218 7648 2509
54,386 4284 5314 5263 9906 1005 9330 3061 5763 7426 268 24 3097 795 801 2854 4906 5959 3408 6361 8935 7787 9329 9075 7415 4218 3069 8741 307 7648 2509
55,386 4284 5314 5263 9906 1005 9330 3061 5763 7426 268 24 3097 795 801 2854 4906 5959 3408 6361 8935 7787 9329 9075 7415 4218 3069 8741 307 7648 2509
56,386 4284 5314 5263 9906 1005 9330 3061 5763 7426 268 24 3097 795 801 2854 4906 5959 3408 6361 8935 7787 9329 9075 7415 4218 3069 8741 307 7648 2509
57,386 4284 5314 5263 9906 1005 9330 3061 5763 7426 268 24 3097 795 801 2854 4906 5959 3408 6361 8935 7787 9329 9075 7415 4218 3069 8741 307 7648 2509
58,386 5263 6574 6837 4284 5314 5989 1005 9330 3061 7426 5763 5959 6361 7787 3069 8741 268 795 801 2854 7648 8935 9329 7415 4218 24 4906 9075
59,386 4284 5314 5263 9906 1005 9330 3061 5763 7426 268 24 3097 795 801 2854 4906 5959 9803 3408 6361 8935 7787 9329 9075 4218 3069 8741 307 7648 2509
60,386 5263 6574 6837 4284 5314 5989 1005 9330 3061 7426 5763 5959 6361 7787 3069 8741 8935 9329 7415 268 795 801 2854 7648 4218 24 4906 9075
61,386 4284 5314 5263 9906 1005 9330 3061 5763 7426 268 24 3097 795 801 2854 4906 5959 9803 3408 6361 8935 7787 9329 9075 4218 3069 8741 307 7648 2509
62,386 4284 5314 5263 9906 1005 9330 3061 5763 7426 268 24 3097 795 801 2854 4906 5959 9803 3408 6361 8935 7787 9329 9075 4218 3069 8741 307 7648 2509
63,386 4284 5314 5263 9906 1005 9330 3061 5763 7426 268 24 3097 795 801 2854 4906 5959 9803 3408 6361 8935 7787 9329 9075 4218 3069 8741 307 7648 2509
64,386 5263 9906 4284 5314 1005 9330 3061 7426 5763 5959 6361 7787 3069 8741 307 3408 8935 9329 7415 268 24 3097 795 801 2854 4906 9075 4218 7648 2509
65,386 5263 9906 4284 5314 1005 9330 3061 7426 5763 5959 6361 7787 3069 8741 307 3408 8935 9329 7415 268 24 3097 795 801 2854 4906 9075 4218 7648 2509
66,386 5263 9906 4284 5314 1005 9330 3061 7426 5763 5959 6361 7787 3069 8741 307 3408 8935 9329 7415 268 24 3097 795 801 2854 4906 9075 4218 7648 2509
67,386 5263 6574 6837 4284 5314 5989 1005 9330 3061 7426 5763 5959 6361 7787 9118 3069 8741 268 795 801 2854 7648 8935 9329 7415 4218 24 4906 9075
68,386 4284 5314 5263 9906 1005 9330 3061 5763 7426 268 24 3097 795 801 2854 4906 5959 9803 3408 6361 8935 7787 9329 9075 4218 3069 8741 307 7648 2509
69,386 4284 5314 5263 9906 1005 9330 3061 5763 7426 268 24 3097 795 801 2854 4906 5959 9803 3408 6361 8935 7787 9329 9075 4218 3069 8741 307 7648 2509
70,386 4284 5314 5263 9906 1005 9330 3061 5763 7426 268 24 3097 795 801 2854 4906 5959 9803 3408 6361 8935 7787 9329 9075 4218 3069 8741 307 7648 2509
71,386 4284 5314 5263 9906 1005 9330 3061 5763 7426 268 24 3097 795 801 2854 4906 5959 9803 3408 6361 8935 7787 9329 9075 4218 3069 8741 307 7648 2509
72,386 4284 5314 5263 9906 1005 9330 3061 5763 7426 268 24 3097 795 801 2854 4906 5959 9803 3408 6361 8935 7787 9329 9075 4218 3069 8741 307 7648 2509
73,386 4284 5314 5263 9906 1005 9330 3061 5763 7426 268 24 3097 795 801 2854 4906 5959 9803 3408 6361 8935 7787 9329 9075 4218 3069 8741 307 7648 2509
74,386 4284 5314 5263 9906 1005 9330 3061 5763 7426 268 24 3097 795 801 2854 4906 5959 9803 3408 6361 8935 7787 9329 9075 4218 3069 8741 307 7648 2509
75,386 4284 5314 5263 9906 1005 9330 3061 5763 7426 268 24 3097 795 801 2854 4906 5959 9803 3408 6361 8935 7787 9329 9075 4218 3069 8741 307 7648 2509
76,386 5263 6574 6837 4284 5314 5989 1005 9330 3061 7426 5763 5959 6361 7787 9118 3069 8741 268 795 801 2854 7648 8935 9329 7415 4218 24 4906 9075
77,386 5263 6574 6837 4284 5314 5989 1005 9330 3061 7426 5763 5959 6361 7787 3069 8741 268 795 801 2854 7648 8935 9329 7415 4218 24 4906 9075
78,386 4284 5314 5263 9906 1005 9330 3061 5763 7426 268 24 3097 795 801 2854 4906 5959 9803 3408 6361 8935 7787 9329 9075 4218 3069 8741 307 7648 2509
79,386 5263 6574 6837 4284 5314 5989 1005 9330 3061 7426 5763 5959 6361 7787 3069 8741 268 795 801 2854 7648 8935 9329 7415 4218 24 4906 9075
80,386 5263 9906 4284 5314 1005 9330 3061 3069 5763 7426 268 24 3097 795 801 2854 4906 5959 3408 6361 8935 7787 9329 9075 7415 4218 8741 307 7648 2509
81,386 5263 9906 4284 5314 1005 9330 3061 3069 5763 7426 268 24 3097 795 801 2854 4906 5959 3408 6361 8935 7787 9329 9075 7415 4218 8741 307 7648 2509
82,386 4284 5314 5263 9906 1005 9330 3061 5763 7426 268 24 3097 795 801 2854 4906 5959 9803 3408 6361 8935 7787 9329 9075 4218 3069 8741 307 7648 2509
83,386 4284 5314 5263 9906 1005 9330 3061 5763 7426 268 24 3097 795 801 2854 4906 5959 9803 3408 6361 8935 7787 9329 9075 4218 3069 8741 307 7648 2509
84,386 4284 5314 5263 9906 1005 9330 3061 5763 7426 268 24 3097 795 801 2854 4906 5959 9803 3408 6361 8935 7787 9329 9075 4218 3069 8741 307 7648 2509
85,386 5263 9906 4284 5314 1005 9330 3061 7426 5763 5959 6361 7787 3069 8741 307 3408 8935 9329 7415 268 24 3097 795 801 2854 4906 9075 4218 7648 2509
86,386 5263 9906 4284 5314 1005 9330 3061 7426 5763 5959 6361 7787 3069 8741 307 3408 8935 9329 7415 268 24 3097 795 801 2854 4906 9075 4218 7648 2509
87,386 5263 9906 4284 5314 1005 9330 3061 5763 7426 268 24 3097 795 801 2854 4906 5959 3408 6361 8935 7787 9329 9075 7415 4218 3069 8741 307 7648 2509
88,386 5263 9906 4284 5314 1005 9330 3061 7426 5763 5959 6361 7787 3069 8741 307 3408 8935 9329 7415 268 24 3097 795 801 2854 4906 9075 4218 7648 2509
89,386 5263 9906 4284 5314 1005 9330 3061 3069 7426 5763 5959 6361 7787 268 24 3097 795 801 2854 4906 3408 8935 9329 9075 7415 4218 8741 307 7648 2509
90,386 5263 9906 4284 5314 1005 9330 3061 3069 7426 5763 5959 6361 7787 268 24 3097 795 801 2854 4906 3408 8935 9329 9075 7415 4218 8741 307 7648 2509
91,386 4284 5314 5263 9906 1005 9330 3061 5763 7426 268 24 3097 795 801 2854 4906 5959 9803 3408 6361 8935 7787 9329 9075 4218 3069 8741 307 7648 2509
92,386 5263 9906 4284 5314 1005 9330 3061 3069 7426 5763 5959 6361 7787 268 24 3097 795 801 2854 4906 3408 8935 9329 9075 7415 4218 8741 307 7648 2509
93,386 4284 5314 5263 9906 1005 9330 3061 5763 7426 268 24 3097 795 801 2854 4906 5959 9803 3408 6361 8935 7787 9329 9075 4218 3069 8741 307 7648 2509
94,386 5263 9906 4284 5314 1005 9330 3061 7426 5763 5959 6361 7787 3069 8741 307 268 24 3097 795 801 2854 4906 3408 8935 9329 9075 7415 4218 7648 2509
95,386 4284 5314 5263 9906 1005 9330 3061 5763 7426 268 24 3097 795 801 2854 4906 5959 9803 3408 6361 8935 7787 9329 9075 4218 3069 8741 307 7648 2509
96,386 5263 9906 4284 5314 1005 9330 3061 7426 5763 5959 6361 7787 3069 8741 307 268 24 3097 795 801 2854 4906 3408 8935 9329 9075 7415 4218 7648 2509
97,386 5263 9906 4284 5314 1005 9330 3061 3069 7426 5763 5959 6361 7787 8741 307 268 24 3097 795 801 2854 4906 3408 8935 9329 9075 7415 4218 7648 2509
98,386 5263 9906 4284 5314 1005 9330 3061 5763 7426 268 24 3097 795 801 2854 4906 5959 3408 6361 8935 7787 9329 9075 7415 4218 3069 8741 307 7648 2509
99,386 4284 5314 5263 9906 1005 9330 3061 5763 7426 268 24 3097 795 801 2854 4906 5959 9803 3408 6361 8935 7787 9329 9075 4218 3069 8741 307 7648 2509
100,386 4284 5314 5263 9906 1005 9330 3061 5763 7426 268 24 3097 795 801 2854 4906 5959 9803 3408 6361 8935 7787 9329 9075 4218 3069 8741 307 7648 2509
101,386 5263 6574 6837 4284 5314 5989 1005 9330 3061 7426 5763 5959 6361 7787 3069 8741 268 795 801 2854 7648 8935 9329 7415 4218 24 4906 9075
102,386 5263 9906 4284 5314 1005 9330 3061 5763 7426 268 24 3097 795 801 2854 4906 5959 9803 3408 6361 8935 7787 9329 9075 4218 3069 8741 307 7648 2509
103,386 5263 6574 6837 4284 5314 5989 1005 9330 3061 7426 5763 5959 6361 7787 3069 8741 8935 9329 7415 268 795 801 2854 7648 4218 24 4906 9075
104,386 5263 6574 6837 4284 5314 5989 1005 9330 3061 7426 5763 5959 6361 7787 9118 3069 8741 268 795 801 2854 7648 8935 9329 7415 4218 24 4906 9075
105,386 5263 9906 4284 5314 1005 9330 3061 3069 5763 7426 268 24 3097 795 801 2854 4906 5959 3408 6361 8935 7787 9329 9075 7415 4218 8741 307 7648 2509
106,386 5263 9906 4284 5314 1005 9330 3061 3069 7426 5763 5959 6361 7787 268 24 3097 795 801 2854 4906 3408 8935 9329 9075 7415 4218 8741 307 7648 2509
107,386 5263 9906 4284 5314 1005 9330 3061 3069 7426 5763 5959 6361 7787 8741 307 268 24 3097 795 801 2854 4906 3408 8935 9329 9075 7415 4218 7648 2509
108,386 5263 6574 6837 4284 5314 5989 1005 9330 3061 7426 5763 5959 6361 7787 9118 3069 8741 268 795 801 2854 7648 8935 9329 7415 4218 24 4906 9075
109,386 5263 6574 6837 4284 5314 5989 1005 9330 3061 7426 5763 5959 6361 7787 9118 3069 8741 268 795 801 2854 7648 8935 9329 7415 4218 24 4906 9075
110,386 5263 6574 6837 4284 5314 5989 1005 9330 3061 7426 5763 5959 6361 7787 9118 3069 8741 268 795 801 2854 7648 8935 9329 7415 4218 24 4906 9075
111,386 5263 9906 4284 5314 1005 9330 3061 5763 7426 268 24 3097 795 801 2854 4906 5959 9803 3408 6361 8935 7787 9329 9075 4218 3069 8741 307 7648 2509
112,386 5263 9906 4284 5314 1005 9330 3061 7426 5763 5959 6361 7787 3069 8741 307 268 24 3097 795 801 2854 4906 3408 8935 9329 9075 7415 4218 7648 2509
113,386 5263 9906 4284 5314 1005 9330 3061 7426 5763 5959 6361 7787 3069 8741 307 268 24 3097 795 801 2854 4906 3408 8935 9329 9075 7415 4218 7648 2509
114,386 5263 6574 6837 4284 5314 5989 1005 9330 3061 7426 5763 5959 6361 7787 9118 3069 8741 268 795 801 2854 7648 8935 9329 7415 4218 24 4906 9075
115,386 4284 5314 5263 9906 1005 9330 5763 7426 268 24 3097 795 801 2854 4906 5959 9803 3408 6361 8935 7787 9329 9075 4218 3069 8741 307 7648 2509
116,386 5263 9906 4284 5314 1005 9330 3061 5763 7426 268 24 3097 795 801 2854 4906 5959 3408 6361 8935 7787 9329 9075 7415 4218 3069 8741 307 7648 2509
117,386 5263 6837 4284 5314 5989 1005 9330 3061 7426 5763 5959 6361 7787 3069 8741 8935 9329 7415 268 795 801 2854 7648 4218 24 4906 9075
118,386 5263 9906 4284 5314 1005 9330 3061 3069 5763 7426 268 24 3097 795 801 2854 4906 5959 3408 6361 8935 7787 9329 9075 7415 4218 8741 307 7648 2509
119,386 5263 6837 4284 5314 5989 1005 9330 3061 7426 5763 5959 6361 7787 3069 8741 8935 9329 7415 268 795 801 2854 7648 4218 24 4906 9075
120,386 5263 6837 4284 5314 5989 1005 9330 3061 7426 5763 5959 6361 7787 3069 8741 8935 9329 7415 268 795 801 2854 7648 4218 24 4906 9075
121,386 5263 6837 4284 5314 5989 1005 9330 3061 7426 5763 5959 6361 7787 3069 8741 8935 9329 7415 268 795 801 2854 7648 4218 24 4906 9075
122,386 5263 6837 4284 5314 5989 1005 9330 3061 7426 5763 5959 6361 7787 3069 8741 8935 9329 7415 268 795 801 2854 7648 4218 24 4906 9075
123,386 5263 6837 4284 5314 5989 1005 9330 3061 7426 5763 5959 6361 7787 3069 8741 8935 9329 7415 268 795 801 2854 7648 4218 24 4906 9075
124,386 5263 6574 6837 4284 5314 5989 1005 9330 3061 7426 5763 5959 6361 7787 3069 8741 268 795 801 2854 7648 8935 9329 7415 4218 24 4906 9075
125,386 5263 6837 4284 5314 5989 1005 9330 3061 7426 5763 5959 6361 7787 3069 8741 8935 9329 7415 268 795 801 2854 7648 4218 24 4906 9075
126,386 5263 9906 4284 5314 1005 9330 3061 5763 7426 268 24 3097 795 801 2854 4906 5959 9803 3408 6361 8935 7787 9329 9075 4218 3069 8741 307 7648 2509
127,386 5263 6837 4284 5314 5989 1005 9330 3061 7426 5763 5959 6361 7787 3069 8741 8935 9329 7415 268 795 801 2854 7648 4218 24 4906 9075
128,386 5263 6837 4284 5314 5989 1005 9330 3061 7426 5763 5959 6361 7787 3069 8741 8935 9329 7415 268 795 801 2854 7648 4218 24 4906 9075
129,386 5263 6837 4284 5314 5989 1005 9330 3061 7426 5763 5959 6361 7787 3069 8741 8935 9329 7415 268 795 801 2854 7648 4218 24 4906 9075
130,386 5263 9906 4284 5314 1005 9330 3061 5763 7426 268 24 3097 795 801 2854 4906 5959 9803 3408 6361 8935 7787 9329 9075 4218 3069 8741 307 7648 2509
131,386 5263 6837 4284 5314 5989 1005 9330 3061 7426 5763 5959 6361 7787 3069 8741 8935 9329 7415 268 795 801 2854 7648 4218 24 4906 9075
132,386 5263 6837 4284 5314 5989 1005 9330 3061 7426 5763 5959 6361 7787 3069 8741 8935 9329 7415 268 795 801 2854 7648 4218 24 4906 9075
133,386 5263 9906 4284 5314 1005 9330 3061 5763 7426 268 24 3097 795 801 2854 4906 5959 3408 6361 8935 7787 9329 9075 7415 4218 3069 8741 307 7648 2509
134,386 5263 9906 4284 5314 1005 9330 3061 5763 7426 268 24 3097 795 801 2854 4906 5959 3408 6361 8935 7787 9329 9075 7415 4218 3069 8741 307 7648 2509
135,386 5263 6837 4284 5314 5989 1005 9330 3061 7426 5763 5959 6361 7787 3069 8741 8935 9329 7415 268 795 801 2854 7648 4218 24 4906 9075
136,386 5263 9906 4284 5314 1005 9330 3061 5763 7426 268 24 3097 795 801 2854 4906 5959 9803 3408 6361 8935 7787 9329 9075 4218 3069 8741 307 7648 2509
137,386 5263 9906 4284 5314 1005 9330 3061 3069 7426 5763 5959 6361 7787 268 24 3097 795 801 2854 4906 3408 8935 9329 9075 7415 4218 8741 307 7648 2509
138,386 5263 9906 4284 5314 1005 9330 3061 5763 7426 268 24 3097 795 801 2854 4906 5959 9803 3408 6361 8935 7787 9329 9075 4218 3069 8741 307 7648 2509
139,386 5263 9906 4284 5314 1005 9330 3061 5763 7426 268 24 3097 795 801 2854 4906 5959 9803 3408 6361 8935 7787 9329 9075 4218 3069 8741 307 7648 2509
140,386 5263 9906 4284 5314 1005 9330 5763 7426 268 24 3097 795 801 2854 4906 5959 9803 3408 6361 8935 7787 9329 9075 4218 3069 8741 307 7648 2509
141,386 5263 9906 4284 5314 1005 9330 5763 7426 268 24 3097 795 801 2854 4906 5959 9803 3408 6361 8935 7787 9329 9075 4218 3069 8741 307 7648 2509
142,386 5263 9906 4284 5314 1005 9330 5763 7426 268 24 3097 795 801 2854 4906 5959 9803 3408 6361 8935 7787 9329 9075 4218 3069 8741 307 7648 2509
143,386 5263 9906 4284 5314 1005 9330 3061 5763 7426 268 24 3097 795 801 2854 4906 5959 9803 3408 6361 8935 7787 9329 9075 4218 3069 8741 307 7648 2509
144,386 5263 9906 4284 5314 1005 9330 5763 7426 268 24 3097 795 801 2854 4906 5959 9803 3408 6361 8935 7787 9329 9075 4218 3069 8741 307 7648 2509
145,386 5263 9906 4284 5314 1005 9330 5763 7426 268 24 3097 795 801 2854 4906 5959 9803 3408 6361 8935 7787 9329 9075 4218 3069 8741 307 7648 2509
146,386 5263 6837 4284 5314 1005 9330 3061 7426 5763 5959 6361 7787 3069 8741 3408 8935 9329 7415 268 24 3097 795 801 2854 4906 9075 4218 7648
147,386 5263 6837 4284 5314 1005 9330 3061 7426 5763 5959 6361 7787 3069 8741 3408 8935 9329 7415 268 24 3097 795 801 2854 4906 9075 4218 7648
148,386 5263 6574 6837 4284 5314 5989 1005 9330 3061 7426 5763 5959 6361 7787 3069 8741 268 795 801 2854 7648 8935 9329 7415 4218 24 4906 9075
149,386 5263 9906 4284 5314 1005 9330 5763 7426 268 24 3097 795 801 2854 4906 5959 9803 3408 6361 8935 7787 9329 9075 4218 3069 8741 307 7648 2509
150,386 5263 6837 4284 5314 1005 9330 3061 7426 5763 5959 6361 7787 3069 8741 3408 8935 9329 7415 268 24 3097 795 801 2854 4906 9075 4218 7648
151,386 5263 9906 4284 5314 1005 9330 5763 7426 268 24 3097 795 801 2854 4906 5959 9803 3408 6361 8935 7787 9329 9075 4218 3069 8741 307 7648 2509
152,386 5263 9906 4284 5314 1005 9330 5763 7426 268 24 3097 795 801 2854 4906 5959 9803 3408 6361 8935 7787 9329 9075 4218 3069 8741 307 7648 2509
153,386 5263 6837 4284 5314 1005 9330 3061 7426 5763 5959 6361 7787 3069 8741 3408 8935 9329 7415 268 24 3097 795 801 2854 4906 9075 4218 7648
154,386 5263 6837 4284 5314 1005 9330 3061 7426 5763 5959 6361 7787 3069 8741 3408 8935 9329 7415 268 24 3097 795 801 2854 4906 9075 4218 7648
155,386 5263 6837 4284 5314 1005 9330 3061 7426 5763 5959 6361 7787 3069 8741 3408 8935 9329 7415 268 24 3097 795 801 2854 4906 9075 4218 7648
156,386 5263 6837 4284 5314 1005 9330 3061 7426 5763 5959 6361 7787 3069 8741 3408 8935 9329 7415 268 24 3097 795 801 2854 4906 9075 4218 7648
157,386 5263 6837 4284 5314 1005 9330 3061 7426 5763 5959 6361 7787 3069 8741 3408 8935 9329 7415 268 24 3097 795 801 2854 4906 9075 4218 7648
158,386 5263 6837 4284 5314 1005 9330 3061 7426 5763 5959 6361 7787 3069 8741 3408 8935 9329 7415 268 24 3097 795 801 2854 4906 9075 4218 7648
159,386 5263 9906 4284 5314 1005 9330 5763 7426 268 24 3097 795 801 2854 4906 5959 9803 3408 6361 8935 7787 9329 9075 4218 3069 8741 307 7648 2509
160,386 5263 6837 4284 5314 5989 1005 9330 3061 7426 5763 5959 6361 7787 3069 8741 3408 8935 9329 7415 268 24 3097 795 801 2854 4906 9075 4218 7648
161,386 5263 6837 4284 5314 1005 9330 3061 7426 5763 5959 6361 7787 3069 8741 3408 8935 9329 7415 268 24 3097 795 801 2854 4906 9075 4218 7648
162,386 5263 9906 4284 5314 1005 9330 5763 7426 268 24 3097 795 801 2854 4906 5959 9803 3408 6361 8935 7787 9329 9075 4218 3069 8741 307 7648 2509
163,386 5263 6574 6837 4284 5314 5989 1005 9330 3061 7426 5763 5959 6361 7787 3069 8741 268 795 801 2854 7648 8935 9329 7415 4218 24 4906 9075
164,386 5263 6574 6837 4284 5314 5989 1005 9330 3061 7426 5763 5959 6361 7787 3069 8741 268 795 801 2854 7648 8935 9329 7415 4218 24 4906 9075
165,386 5263 9906 4284 5314 1005 9330 3061 3069 7426 5763 5959 6361 7787 268 24 3097 795 801 2854 4906 3408 8935 9329 9075 7415 4218 8741 307 7648 2509
166,386 5263 6837 4284 5314 5989 1005 9330 3061 7426 5763 5959 6361 7787 3069 8741 3408 8935 9329 7415 268 3097 795 801 2854 7648 4218 24 4906 9075
167,386 5263 9906 4284 5314 1005 9330 3061 7426 5763 5959 6361 7787 3069 8741 307 3408 8935 9329 7415 268 24 3097 795 801 2854 4906 9075 4218 7648 2509
168,386 5263 9906 4284 5314 1005 9330 5763 7426 268 24 3097 795 801 2854 4906 5959 9803 3408 6361 8935 7787 9329 9075 4218 3069 8741 307 7648 2509
169,386 5263 9906 4284 5314 1005 9330 3061 7426 5763 5959 6361 7787 3069 8741 307 268 24 3097 795 801 2854 4906 3408 8935 9329 9075 7415 4218 7648 2509
170,386 5263 6837 4284 5314 5989 1005 9330 3061 7426 5763 5959 6361 7787 3069 8741 8935 9329 7415 268 795 801 2854 7648 4218 24 4906 9075
171,386 5263 6837 4284 5314 5989 1005 9330 3061 7426 5763 5959 6361 7787 3069 8741 8935 9329 7415 268 795 801 2854 7648 4218 24 4906 9075
172,386 5263 6837 4284 5314 5989 1005 9330 3061 7426 5763 5959 6361 7787 3069 8741 8935 9329 7415 268 795 801 2854 7648 4218 24 4906 9075
173,386 5263 6837 4284 5314 5989 1005 9330 3061 7426 5763 5959 6361 7787 3069 8741 8935 9329 7415 268 795 801 2854 7648 4218 24 4906 9075
174,386 5263 6837 4284 5314 5989 1005 9330 3061 7426 5763 5959 6361 7787 3069 8741 8935 9329 7415 268 795 801 2854 7648 4218 24 4906 9075
175,386 5263 6574 6837 4284 5314 5989 1005 9330 3061 7426 5763 5959 6361 7787 3069 8741 8935 9329 7415 268 795 801 2854 7648 4218 24 4906 9075
176,386 5263 6574 6837 4284 5314 5989 1005 9330 3061 7426 5763 5959 6361 7787 3069 8741 8935 9329 7415 268 795 801 2854 7648 4218 24 4906 9075
177,386 5263 6837 4284 5314 5989 1005 9330 3061 7426 5763 5959 6361 7787 3069 8741 8935 9329 7415 268 795 801 2854 7648 4218 24 4906 9075
178,386 5263 6837 4284 5314 5989 1005 9330 3061 7426 5763 5959 6361 7787 3069 8741 8935 9329 7415 268 795 801 2854 7648 4218 24 4906 9075
179,386 5263 6837 4284 5314 5989 1005 9330 3061 7426 5763 5959 6361 7787 3069 8741 8935 9329 7415 268 795 801 2854 7648 4218 24 4906 9075
180,386 5263 6837 4284 5314 5989 1005 9330 3061 7426 5763 5959 6361 7787 3069 8741 8935 9329 7415 268 795 801 2854 7648 4218 24 4906 9075
181,386 5263 6837 4284 5314 5989 1005 9330 3061 7426 5763 5959 6361 7787 3069 8741 8935 9329 7415 268 795 801 2854 7648 4218 24 4906 9075
182,386 5263 6837 4284 5314 5989 1005 9330 3061 7426 5763 5959 6361 7787 3069 8741 8935 9329 7415 268 795 801 2854 7648 4218 24 4906 9075
183,386 5263 6837 4284 5314 5989 1005 9330 3061 7426 5763 5959 6361 7787 3069 8741 8935 9329 7415 268 795 801 2854 7648 4218 24 4906 9075
184,386 5263 9906 4284 5314 1005 9330 3061 3069 5763 7426 268 24 3097 795 801 2854 4906 5959 9803 3408 6361 8935 7787 9329 9075 4218 8741 307 7648 2509
185,386 5263 6837 4284 5314 5989 1005 9330 3061 7426 5763 5959 6361 7787 3069 8741 8935 9329 7415 268 795 801 2854 7648 4218 24 4906 9075
186,386 5763 268 5263 24 801 2854 9906 4284 5959 6361 8935 7787 9329 9075 7426 795 4906 5314 9803 3408 1005 4218 3069 8741 7648 9330 307 2509
187,386 5763 268 5263 24 801 2854 9906 4284 5959 6361 8935 7787 9329 9075 7415 7426 8741 3408 7648 4218 9330 307 3069 795 9803 2509 1005 4906 5314
188,386 5763 268 5263 24 801 2854 9906 4284 5959 6361 8935 7787 9329 9075 7415 7426 8741 3408 7648 4218 9330 307 3069 795 9803 2509 1005 4906 5314
189,386 5263 9906 4284 5314 1005 9330 3061 7426 5763 5959 9803 6361 7787 3069 268 24 3097 795 801 2854 4906 3408 8935 9329 9075 4218 8741 307 7648 2509
190,386 5263 9906 4284 5314 1005 9330 5763 7426 268 24 3097 795 801 2854 4906 5959 9803 3408 6361 8935 7787 9329 9075 4218 3069 8741 307 7648 2509
191,386 5763 268 5263 24 801 2854 9906 4284 5959 6361 8935 7787 9329 9075 7426 795 4906 5314 9803 3408 1005 4218 3069 8741 7648 9330 307 2509
192,386 5263 4284 5314 1005 9330 3061 7426 5763 5959 6361 7787 3069 8741 307 268 24 3097 795 801 2854 4906 3408 8935 9329 9075 7415 4218 7648 2509
193,386 5763 268 5263 24 801 2854 9906 4284 5959 6361 8935 7787 9329 9075 7415 7426 8741 3408 7648 4218 9330 307 3069 1005 2509 795 9803 4906 5314
194,386 5763 268 5263 24 801 2854 9906 4284 5959 6361 8935 7787 9329 9075 7415 7426 8741 3408 7648 4218 9330 307 3069 1005 2509 795 9803 4906 5314
195,386 5763 268 5263 24 801 2854 9906 4284 5959 6361 8935 7787 9329 9075 7415 7426 8741 3408 7648 4218 9330 307 3069 1005 2509 795 9803 4906 5314
196,386 5263 9906 4284 5314 1005 9330 7426 5763 5959 9803 6361 7787 3069 268 24 3097 795 801 2854 4906 3408 8935 9329 9075 4218 8741 307 7648 2509
197,386 5763 268 5263 24 801 2854 9906 4284 5959 6361 8935 7787 9329 9075 7426 8741 3408 7648 4218 795 4906 5314 9803 1005 3069 9330 307 2509
198,386 5763 268 5263 24 801 2854 9906 4284 5959 6361 8935 7787 9329 9075 7426 8741 3408 7648 4218 9330 307 3069 795 4906 5314 9803 1005 2509
199,386 5763 268 5263 24 801 2854 9906 4284 5959 6361 8935 7787 9329 9075 7426 8741 3408 7648 4218 9330 307 3069 795 4906 5314 9803 1005 2509
200,386 5263 9906 4284 5314 1005 9330 7426 5763 5959 9803 6361 7787 3069 268 24 3097 795 801 2854 4906 3408 8935 9329 9075 4218 8741 307 7648 2509
201,386 5263 9906 4284 5314 1005 9330 5763 7426 268 24 3097 795 801 2854 4906 5959 9803 3408 6361 8935 7787 9329 9075 4218 3069 8741 307 7648 2509
202,386 5763 268 5263 24 801 2854 9906 4284 5959 6361 8935 7787 9329 9075 7426 8741 3408 7648 4218 1005 2509 3069 795 9330 307 4906 5314 9803
203,386 5763 268 5263 24 801 2854 9906 4284 5959 6361 8935 7787 9329 9075 7426 8741 3408 7648 4218 1005 2509 3069 795 9330 307 4906 5314 9803
204,386 5763 268 5263 24 801 2854 9906 4284 5959 6361 8935 7787 9329 9075 7426 8741 3408 7648 4218 1005 2509 3069 795 9330 307 4906 5314 9803
205,386 5763 268 5263 24 801 2854 9906 4284 5959 6361 8935 7787 9329 9075 7426 8741 3408 7648 4218 1005 2509 3069 795 9330 307 4906 5314 9803
206,386 5763 268 5263 24 801 2854 9906 4284 5959 6361 8935 7787 9329 9075 7415 1005 2509 3069 4218 795 7426 8741 3408 7648 9330 307 4906 9803 4059 5314
207,386 5263 4284 5314 1005 9330 5763 7426 268 24 3097 795 801 2854 4906 5959 9803 3408 6361 8935 7787 9329 9075 4218 3069 8741 307 7648 2509
208,386 5763 268 5263 24 801 2854 9906 4284 5959 6361 8935 7787 9329 9075 7426 8741 3408 7648 4218 795 4906 5314 9803 1005 3069 2509 9330 307
209,386 5763 268 5263 24 801 2854 9906 4284 5959 6361 8935 7787 9329 9075 7426 8741 3408 7648 4218 795 4906 5314 9803 1005 3069 2509 9330 307
210,386 5763 268 5263 24 801 2854 9906 4284 5959 6361 8935 7787 9329 9075 7426 8741 3408 7648 4218 795 4906 5314 9803 1005 3069 2509 9330 307
211,386 5763 268 5263 24 801 2854 9906 4284 5959 6361 8935 7787 9329 9075 7426 8741 3408 7648 4218 795 4906 5314 9803 1005 3069 2509 9330 307
212,386 5763 268 5263 24 801 2854 9906 4284 5959 6361 8935 7787 9329 9075 7426 8741 3408 7648 4218 795 4906 5314 9803 1005 3069 2509 9330 307
213,386 5763 268 5263 24 801 2854 9906 4284 5959 6361 8935 7787 9329 9075 7426 8741 3408 7648 4218 795 4906 5314 9803 1005 3069 2509 9330 307
214,386 5763 268 5263 24 801 2854 9906 4284 5959 6361 8935 7787 9329 9075 7426 8741 3408 7648 4218 1005 2509 3069 795 9330 307 4906 5314 9803
215,386 5763 268 5263 24 801 2854 9906 4284 5959 6361 8935 7787 9329 9075 7426 8741 3408 7648 4218 795 4906 5314 9803 1005 3069 2509 9330 307
216,386 5263 4284 5314 1005 9330 5763 7426 268 24 3097 795 801 2854 4906 5959 9803 3408 6361 8935 7787 9329 9075 4218 3069 8741 307 7648 2509
217,386 5763 268 5263 24 801 2854 9906 4284 5959 6361 8935 7787 9329 9075 7415 1005 2509 3069 4218 795 4906 9803 7426 8741 3408 7648 9330 307 4059 5314
218,386 5763 268 5263 24 801 2854 9906 4284 5959 6361 8935 7787 9329 9075 7426 8741 3408 7648 4218 1005 2509 3069 795 9330 307 4906 5314 9803
219,386 5263 4284 5314 1005 9330 5763 7426 268 24 3097 795 801 2854 4906 5959 9803 3408 6361 8935 7787 9329 9075 4218 3069 8741 307 7648 2509
220,386 5263 4284 5314 1005 9330 5763 7426 268 24 3097 795 801 2854 4906 5959 9803 3408 6361 8935 7787 9329 9075 4218 3069 8741 307 7648 2509
221,386 5763 7426 268 5263 24 3097 795 801 2854 4906 4284 5314 5959 9803 3408 6361 8935 7787 1005 9329 9075 4218 3069 9330 8741 307 7648 2509
222,386 5763 268 5263 24 801 2854 9906 4284 5959 6361 8935 7787 9329 9075 7415 1005 2509 3069 4218 795 7426 8741 3408 7648 4906 9803 9330 307 5314
223,386 5763 268 5263 24 801 2854 9906 4284 5959 6361 8935 7787 9329 9075 1005 2509 3069 4218 795 7426 8741 3408 7648 9330 307 4906 9803 5314
224,386 5263 4284 5314 1005 9330 5763 7426 268 24 3097 795 801 2854 4906 5959 9803 3408 6361 8935 7787 9329 9075 4218 3069 8741 307 7648 2509
225,386 5263 4284 5314 1005 9330 5763 7426 268 24 3097 795 801 2854 4906 5959 9803 3408 6361 8935 7787 9329 9075 4218 3069 8741 307 7648 2509
226,386 5763 7426 268 5263 24 3097 795 801 2854 4906 4284 5314 5959 9803 3408 6361 8935 7787 1005 9329 9075 4218 3069 9330 8741 307 7648 2509
227,386 5763 268 5263 24 801 2854 9906 4284 5959 6361 8935 7787 9329 9075 1005 2509 3069 4218 795 7426 8741 3408 7648 9330 307 4906 9803 5314
228,386 5763 268 5263 24 801 2854 9906 4284 5959 6361 8935 7787 9329 9075 7415 1005 2509 3069 4218 795 4906 9803 3408 9330 307 7426 8741 7648 4059 5314
229,386 5763 7426 268 5263 24 3097 795 801 2854 4906 4284 5314 5959 9803 3408 6361 8935 7787 1005 9329 9075 4218 3069 9330 8741 307 7648 2509
230,386 5263 4284 5314 1005 9330 5763 7426 268 24 3097 795 801 2854 4906 5959 9803 3408 6361 8935 7787 9329 9075 4218 3069 8741 307 7648 2509
231,386 5763 268 5263 3218 24 801 2854 4284 5959 6361 8935 7787 9329 9075 7415 1005 3069 4218 795 4906 9803 3408 4059 8741 7426 7648 5707 7570 5314
232,386 5763 268 5263 3218 24 801 2854 4284 5959 6361 8935 7787 9329 9075 7415 1005 3069 4218 795 4906 9803 4059 3408 8741 7426 7648 5707 7570 5314
233,386 5263 9906 4284 5314 1005 9330 7426 5763 5959 9803 6361 7787 3069 8741 307 268 24 3097 795 801 2854 4906 3408 8935 9329 9075 4218 7648 2509
234,386 5263 9906 4284 5314 1005 9330 7426 5763 5959 9803 6361 7787 3069 8741 307 268 24 3097 795 801 2854 4906 3408 8935 9329 9075 4218 7648 2509
235,386 5263 9906 4284 5314 1005 9330 7426 5763 5959 9803 6361 7787 3069 268 24 3097 795 801 2854 4906 3408 8935 9329 9075 4218 8741 307 7648 2509
236,386 5763 268 5263 3218 24 801 2854 4284 5959 6361 8935 7787 9329 9075 7415 1005 3069 4218 795 4906 9803 4059 3408 8741 7426 7648 5707 7570 5314
237,386 5263 4284 5314 1005 9330 5763 7426 268 24 3097 795 801 2854 4906 5959 9803 3408 6361 8935 7787 9329 9075 4218 3069 8741 307 7648 2509
238,2854 5959 8935 1005 268 9329 3069 24 4218 795 386 5763 5263 801 4284 6361 7787 9075 7415 4059 4906 9803 3408 8741 5707 7426 7648 7570 5314
239,2854 5959 8935 1005 268 9329 3069 24 4218 795 386 5763 5263 801 4284 6361 7787 9075 7415 4059 4906 9803 3408 8741 5707 7426 7648 7570 5314
240,2854 5959 8935 1005 268 9329 3069 24 4218 795 386 5763 5263 801 4284 6361 7787 9075 7415 4059 4906 9803 3408 8741 5707 7426 7648 7570 5314
241,2854 5959 8935 1005 2509 268 9329 24 4218 795 386 5763 5263 3097 801 4284 6361 7787 9075 7415 4059 4906 9803 5707 3408 7426 7648 7276 7570
242,2854 5959 8935 1005 268 9329 3069 24 4218 795 386 5763 5263 801 4284 6361 7787 9075 7415 4059 4906 9803 3408 5707 7426 7648 7570 5314
243,2854 5959 8935 1005 2509 268 9329 24 4218 795 386 5763 5263 3097 801 4284 6361 7787 9075 7415 4059 4906 9803 5707 3408 7426 7648 7276 7570
244,386 5763 268 5263 3218 24 3097 801 2854 4284 5959 6361 8935 7787 9329 9075 7415 1005 2509 3069 4218 795 4906 9803 7426 5314 3408 8741 7648 9330 307
245,386 5763 268 5263 3218 24 3097 801 2854 4284 5959 6361 8935 7787 9329 9075 7415 1005 2509 3069 4218 795 4906 9803 7426 5314 3408 8741 7648 9330 307
246,2854 5959 8935 1005 268 9329 3069 24 4218 795 386 5763 5263 801 4284 6361 7787 9075 7415 4059 4906 9803 3408 5707 7426 7648 7570 5314
247,2854 5959 8935 1005 2509 268 9329 24 4218 795 386 5763 5263 801 4059 7787 9075 3097 4284 6361 7415 4906 9803 5707 3408 7426 7648 7276 7570
248,2854 5959 8935 1005 268 9329 3069 24 4218 795 386 5763 5263 801 4284 6361 7787 9075 7415 4059 4906 9803 3408 5707 7426 7648 7570 5314
249,2854 5959 8935 1005 2509 268 9329 24 4218 795 386 5763 5263 801 4059 7787 9075 3097 4284 6361 7415 4906 9803 5707 3408 7426 7648 7276 7570
250,386 5763 268 5263 3218 24 3097 801 2854 4284 5959 6361 8935 7787 9329 9075 7415 1005 2509 3069 4218 795 4906 9803 7426 8741 3408 7648 5314 9330 307
251,2854 5959 8935 1005 2509 268 9329 24 4218 795 386 5763 5263 801 4059 7787 9075 3097 4284 6361 7415 4906 9803 5707 3408 7426 7648 7276 7570
252,2854 5959 8935 1005 2509 268 9329 24 4218 795 386 5763 5263 3097 801 4284 6361 7787 9075 7415 4059 4906 9803 5707 3408 7426 7648 7276 7570
253,2854 5959 8935 1005 2509 268 9329 24 4218 795 386 5763 5263 3097 801 4284 6361 7787 9075 7415 4059 4906 9803 5707 3408 7426 7648 7276 7570
254,2854 5959 8935 1005 268 9329 3069 24 4218 795 386 5763 5263 801 4284 6361 7787 9075 7415 4059 4906 9803 3408 5707 7426 7648 7570 5314
255,386 5763 268 5263 3218 24 3097 801 2854 4284 5959 6361 8935 7787 9329 9075 7415 1005 2509 3069 4218 795 4906 9803 7426 8741 3408 7648 9330 307 5314
256,2854 5959 8935 1005 2509 268 9329 24 4218 795 386 5763 5263 801 4059 7787 9075 3097 4284 6361 7415 4906 9803 5707 3408 7426 7648 7276 7570
257,386 5763 268 5263 3218 24 3097 801 2854 4284 5959 6361 8935 7787 9329 9075 7415 1005 2509 3069 4218 795 4906 9803 7426 8741 3408 7648 9330 307 5314
258,386 5763 268 5263 3218 24 3097 801 2854 4284 5959 6361 8935 7787 9329 9075 7415 1005 2509 3069 4218 795 4906 9803 7426 8741 3408 7648 9330 307 5314
259,386 5763 268 5263 3218 24 3097 801 2854 4284 5959 6361 8935 7787 9329 9075 7415 1005 2509 3069 4218 795 4906 9803 7426 8741 3408 7648 9330 307 5314
260,2854 5959 8935 1005 2509 268 9329 24 4218 795 386 5763 5263 3097 801 4284 6361 7787 9075 7415 4059 4906 9803 5707 3408 7426 7648 7276 7570
261,2854 5959 8935 1005 2509 268 9329 24 4218 795 386 5763 5263 3097 801 4284 6361 7787 9075 7415 4059 4906 9803 5707 3408 7426 7648 7276 7570
262,2854 5959 8935 1005 268 9329 3069 24 4218 795 386 5763 5263 801 4284 6361 7787 9075 7415 4059 4906 9803 3408 8741 5707 7426 7648 7570 5314
263,2854 5959 8935 1005 2509 268 9329 24 4218 795 386 5763 5263 3097 801 4284 6361 7787 9075 7415 4059 4906 9803 5707 3408 7426 7648 7276 7570
264,2854 5959 8935 1005 268 9329 3069 24 4218 795 386 5763 5263 801 4284 6361 7787 9075 7415 4059 4906 9803 3408 5707 7426 7648 7570 5314
265,386 5763 268 5263 3218 24 3097 801 2854 4284 5959 6361 8935 7787 9329 9075 7415 1005 2509 3069 4218 795 4906 9803 7426 8741 3408 7648 9330 307 5314
266,386 5763 268 5263 3218 24 3097 801 2854 4284 5959 6361 8935 7787 9329 9075 7415 1005 2509 3069 4218 795 4906 9803 7426 8741 3408 7648 9330 307 5314
267,2854 5959 8935 1005 268 9329 3069 24 4218 795 386 5763 5263 801 4284 6361 7787 9075 7415 4059 4906 9803 3408 5707 7426 7648 7570 5314
268,2854 5959 8935 1005 2509 268 9329 24 4218 795 386 5763 5263 3097 801 4284 6361 7787 9075 7415 4059 4906 9803 5707 3408 7426 7648 7276 7570
269,2854 5959 8935 1005 2509 268 9329 24 4218 795 386 5763 5263 3097 801 4284 6361 7787 9075 7415 4059 4906 9803 5707 3408 7426 7648 7276 7570
270,2854 5959 8935 1005 2509 268 9329 24 4218 795 386 5763 5263 3097 801 4284 6361 7787 9075 7415 4059 4906 9803 5707 3408 7426 7648 7276 7570
271,386 5763 268 5263 3218 24 3097 801 2854 4284 5959 6361 8935 7787 9329 9075 7415 1005 2509 3069 4218 795 4906 9803 3408 9330 307 7426 8741 7648 5314
